1.000000000000000082e-05 1.732646584635873310e+01
1.059560179277617057e-05 1.832129638193984533e+01
1.122667773510813544e-05 1.937324152826234069e+01
1.189534067370320835e-05 2.048558551735604993e+01
1.260382929679727389e-05 2.166179604033898798e+01
1.335451562929900141e-05 2.290553985835309803e+01
1.414991297434575937e-05 2.422069418021203902e+01
1.499268432786047117e-05 2.561135864891200598e+01
1.588565129428052877e-05 2.708186819529708345e+01
1.683180353330958413e-05 2.863680655774948036e+01
1.783430876931909215e-05 3.028102064404701110e+01
1.889652339691211472e-05 3.201963578189972992e+01
2.002200371815584479e-05 3.385807154615723391e+01
2.121451784910631934e-05 3.580205861738416218e+01
2.247805833548725246e-05 3.785765649687240142e+01
2.381685551976160786e-05 4.003127215132622041e+01
2.523539170434765982e-05 4.232968018761108198e+01
2.673841615839949297e-05 4.476004398527440031e+01
2.833096101839323942e-05 4.732993787248960871e+01
3.001835813575592089e-05 5.004737051280849869e+01
3.180625692794118915e-05 5.292081001609457047e+01
3.370064329271931777e-05 5.595921031497400122e+01
3.570785964900462521e-05 5.917203874602481761e+01
3.783462617131932846e-05 6.256930511261749217e+01
4.008806328898464845e-05 6.616159319827103502e+01
4.247571552536902605e-05 6.996009371394330856e+01
4.500557675700497562e-05 7.397663840024321757e+01
4.768611697714474431e-05 7.822373591803821569e+01
5.052631065335679548e-05 8.271461159194905122e+01
5.353566677410729675e-05 8.746324854798969284e+01
5.672426068491977794e-05 9.248442990372186046e+01
6.010276782070387642e-05 9.779378321067582647e+01
6.368249944718585675e-05 1.034078303645087402e+02
6.747544053110699554e-05 1.093440388696372878e+02
7.149428986597576249e-05 1.156208732141825237e+02
7.575250258771920673e-05 1.222578490850495712e+02
8.026433522257173624e-05 1.292755968348160422e+02
8.504489341802686365e-05 1.366959253007459552e+02
9.011018251665017960e-05 1.445418837230273539e+02
9.547716114208065730e-05 1.528378274985607277e+02
1.011637979766207013e-04 1.616094989922211766e+02
1.071891319205128638e-04 1.708841066865280993e+02
1.135733358343105206e-04 1.806903975961053277e+02
1.203377840777590556e-04 1.910587353852991725e+02
1.275051240713012809e-04 2.020212046534244053e+02
1.350993521198027864e-04 2.136117086180319689e+02
1.431458937523478591e-04 2.258660500447173263e+02
1.516716888470924095e-04 2.388220217362368203e+02
1.607052818261638333e-04 2.525195426695618437e+02
1.702769172225901374e-04 2.670007774816667734e+02
1.804186409392071779e-04 2.823102187678878749e+02
1.911644075385703697e-04 2.984947873052394698e+02
2.025501939230666413e-04 3.156040129988667786e+02
2.146141197858405776e-04 3.336901789552800892e+02
2.273965752357927448e-04 3.528083888434176174e+02
2.409403560239526765e-04 3.730166701114686134e+02
2.552908068239516468e-04 3.943762188113125262e+02
2.704959730463137079e-04 4.169515692041272246e+02
2.866067616948250111e-04 4.408106134264874640e+02
3.036771118035460487e-04 4.660246941808562156e+02
3.217641750250735269e-04 4.926689413324419888e+02
3.409285069746814732e-04 5.208224638582630632e+02
3.612342699709430527e-04 5.505682662307686996e+02
3.827494478516315301e-04 5.819933092947937894e+02
4.055460735840827930e-04 6.151889740618543101e+02
4.297004704320843828e-04 6.502512649597771315e+02
4.552935074866947636e-04 6.872805391211585402e+02
4.824108704165373600e-04 7.263815060998018680e+02
5.111433483440165366e-04 7.676638569880564091e+02
5.415871378079476200e-04 8.112424564712106303e+02
5.738441648302393047e-04 8.572368054249427587e+02
6.080224261649426910e-04 9.057709559351486632e+02
6.442363508721370797e-04 9.569743089634815760e+02
6.826071834272392233e-04 1.010981753937048097e+03
7.232633896483533272e-04 1.067932711581892818e+03
7.663410868007461971e-04 1.127970915110321357e+03
8.119844993184008319e-04 1.191245405285679453e+03
8.603464416684509499e-04 1.257910564837736501e+03
9.115888299750818944e-04 1.328124764285102628e+03
9.658832241158708896e-04 1.402050008959847446e+03
1.023411402105453864e-03 1.479852978954852460e+03
1.084365968689610842e-03 1.561704779204524812e+03
1.148951000187309855e-03 1.647776969707125545e+03
1.217382727739662078e-03 1.738240589572113322e+03
1.289890261253309484e-03 1.833268707483835215e+03
1.366716356462007289e-03 1.933035868269660341e+03
1.448118227674534582e-03 2.037713977890305841e+03
1.534368408930013262e-03 2.147471154244182799e+03
1.625755666443795110e-03 2.262473543786563823e+03
1.722585965398787389e-03 2.382884008309826186e+03
1.825183494319044218e-03 2.508852903098024854e+03
1.933891750455232110e-03 2.640516193809671677e+03
2.049074689815848227e-03 2.777999804828946253e+03
2.171117945694505096e-03 2.921417634643475594e+03
2.300430119772919023e-03 3.070861551600316488e+03
2.437444150122221927e-03 3.226399219820013968e+03
2.582618760682677504e-03 3.388077552490565722e+03
2.736439997074671757e-03 3.555919830816280864e+03
2.899422853882878057e-03 3.729913055196611367e+03
3.072112998861759037e-03 3.910005658734245571e+03
3.255088599835059826e-03 4.096111514150880794e+03
3.448962260405759751e-03 4.288106331321452672e+03
3.654383070957258062e-03 4.485812169930932214e+03
3.872038781812556923e-03 4.688995671184881758e+03
4.102658105827194576e-03 4.897373312215002443e+03
4.347013158125026359e-03 5.110607385546122714e+03
4.605922041145108295e-03 5.328285596729321696e+03
4.880251583654433324e-03 5.549921290081363622e+03
5.170920242896760721e-03 5.774962497682092362e+03
5.478901179593945181e-03 6.002787108342162355e+03
5.805225516094901853e-03 6.232663273496144939e+03
6.150985788580504154e-03 6.463756720514035806e+03
6.517339604882426730e-03 6.695154284026751156e+03
6.905513520162331019e-03 6.925857945138292962e+03
7.316807143427199629e-03 7.154708819597239199e+03
7.752597488629464108e-03 7.380411711715031743e+03
8.214343584919429550e-03 7.601586815560161995e+03
8.703591361485166558e-03 7.816764801673125476e+03
9.221978823334331735e-03 8.024272298599164060e+03
9.771241535346501458e-03 8.222285834296510075e+03
1.035321843295662625e-02 8.408919638245886745e+03
1.096985797892384082e-02 8.582222862440268727e+03
1.162322468679852921e-02 8.740000708429859515e+03
1.231550603292826118e-02 8.879925448078554837e+03
1.304901978014402948e-02 8.999686065702608175e+03
1.382622173764656327e-02 9.097000522007525433e+03
1.464971398307286267e-02 9.169431059794616885e+03
1.552225357427047987e-02 9.214549007783038178e+03
1.644676177994664271e-02 9.230122491297141096e+03
1.742633386009650662e-02 9.214158125634448879e+03
1.846424942895544263e-02 9.164807791829181951e+03
1.956398343517064958e-02 9.080528379199977280e+03
2.072921779595372077e-02 8.960236324114923264e+03
2.196385372416546911e-02 8.803432850518782288e+03
2.327202478960409618e-02 8.610663502768431499e+03
2.465811075822603796e-02 8.383242188979003913e+03
2.612675225563329193e-02 8.123013326775884707e+03
2.768286630392066683e-02 7.832653372575726280e+03
2.933166278390045290e-02 7.517490524557084427e+03
3.107866187782013997e-02 7.183748947801740542e+03
3.292971255097151134e-02 6.837320736038995165e+03
3.489101213406773511e-02 6.484220188087245333e+03
3.696912707195028347e-02 6.133344060045087645e+03
3.917101490809260511e-02 5.793437442266305879e+03
4.150404757850476717e-02 5.471503280471250036e+03
4.397603609302721400e-02 5.173027574984549574e+03
4.659525668664682430e-02 4.902309871798921449e+03
4.937047852839003548e-02 4.662473719710343175e+03
5.231099308056263303e-02 4.452942393684130366e+03
5.542664520663106997e-02 4.269579307726894513e+03
5.872786613189483196e-02 4.104736519052042240e+03
6.222570836730231120e-02 3.947601615871694321e+03
6.593188271333548511e-02 3.785133996770866361e+03
6.985879746785249311e-02 3.604207843348226106e+03
7.401959996915644102e-02 3.394727592596887916e+03
7.842822061337681450e-02 3.153088524943520497e+03
8.309941949353395751e-02 2.884856097238148777e+03
8.804883581643464796e-02 2.605055222519674317e+03
9.329304026284686302e-02 2.335266253091927410e+03
9.884959046625586832e-02 2.097603444958939690e+03
1.047370897959450792e-01 1.907673755624180330e+03
1.109752496412072104e-01 1.768849837589761819e+03
1.175849554052158102e-01 1.669744765401401082e+03
1.245883364295008178e-01 1.586162021874453785e+03
1.320088400831419539e-01 1.489596274779799614e+03
1.398713102647238526e-01 1.362283469265900749e+03
1.482020705798860194e-01 1.210064515579963427e+03
1.570290124729377401e-01 1.059999630633714332e+03
1.663816886076130708e-01 9.411719454288502220e+02
1.762914118095947891e-01 8.630913118717047610e+02
1.867913599020784576e-01 8.088622367565091054e+02
1.979166867853557332e-01 7.485416781690564676e+02
2.097046401323234832e-01 6.673925870819964530e+02
2.221946860939523760e-01 5.828295326894725576e+02
2.354286414322420140e-01 5.185744456226327657e+02
2.494508135230316670e-01 4.759296199430559113e+02
2.643081486974108163e-01 4.344991323167006385e+02
2.800503894183630771e-01 3.840840432026600411e+02
2.967302408188872698e-01 3.381893651369516078e+02
3.144035471591500319e-01 3.053186744113631335e+02
3.331294787934677148e-01 2.748780335558901697e+02
3.529707302730650254e-01 2.424071504688197081e+02
3.739937302478801850e-01 2.155326122403218960e+02
3.962688638701478139e-01 1.928755477398939604e+02
4.198707084443914495e-01 1.705007259313597956e+02
4.448782831127585102e-01 1.512352842325284996e+02
4.713753134116728805e-01 1.342644291991420857e+02
4.994505115855140120e-01 1.185706619826228234e+02
5.291978735958446922e-01 1.049888340706785925e+02
5.607169938205458504e-01 9.266265940622177766e+01
5.941133984965040193e-01 8.180343211116753821e+01
6.294988990221888070e-01 7.209683351971892762e+01
6.669919663030128287e-01 6.351440839699417751e+01
7.067181273927490848e-01 5.588596605366841885e+01
7.488103857590030499e-01 4.914168159856182427e+01
7.934096665797492065e-01 4.317386137167751770e+01
8.406652885618334237e-01 3.789892736063408307e+01
8.907354638610439634e-01 3.324280259697117401e+01
9.437878277775391123e-01 2.913291104547446153e+01
1.000000000000000000e+00 2.551048951570354362e+01
