1.000000000000000082e-05 2.065041322113906475e+01
1.059560179277617057e-05 2.183609228220048948e+01
1.122667773510813544e-05 2.308984465388010676e+01
1.189534067370320835e-05 2.441558268486950922e+01
1.260382929679727389e-05 2.581743916386033533e+01
1.335451562929900141e-05 2.729978411045231823e+01
1.414991297434575937e-05 2.886723843162422654e+01
1.499268432786047117e-05 3.052468833887761335e+01
1.588565129428052877e-05 3.227730053152908596e+01
1.683180353330958413e-05 3.413053829130365102e+01
1.783430876931909215e-05 3.609017849416623847e+01
1.889652339691211472e-05 3.816232960399006657e+01
2.002200371815584479e-05 4.035345071129951577e+01
2.121451784910631934e-05 4.267037164908767011e+01
2.247805833548725246e-05 4.512031408938914012e+01
2.381685551976160786e-05 4.771091396968068921e+01
2.523539170434765982e-05 5.045024542631940534e+01
2.673841615839949297e-05 5.334684592918647894e+01
2.833096101839323942e-05 5.640974255703420681e+01
3.001835813575592089e-05 5.964847999924533184e+01
3.180625692794118915e-05 6.307315050579349958e+01
3.370064329271931777e-05 6.669442527319745295e+01
3.570785964900462521e-05 7.052358715704347958e+01
3.783462617131932846e-05 7.457256563269703520e+01
4.008806328898464845e-05 7.885397425487258261e+01
4.247571552536902605e-05 8.338114980470994908e+01
4.500557675700497562e-05 8.816819242131448675e+01
4.768611697714474431e-05 9.323000911613831931e+01
5.052631065335679548e-05 9.858236100791602041e+01
5.353566677410729675e-05 1.042419121128470891e+02
5.672426068491977794e-05 1.102262788238226534e+02
6.010276782070387642e-05 1.165540841371656597e+02
6.368249944718585675e-05 1.232450168399498551e+02
6.747544053110699554e-05 1.303198921468263620e+02
7.149428986597576249e-05 1.378007112732551320e+02
7.575250258771920673e-05 1.457107288245499035e+02
8.026433522257173624e-05 1.540745276965260757e+02
8.504489341802686365e-05 1.629180941807414058e+02
9.011018251665017960e-05 1.722688884645797884e+02
9.547716114208065730e-05 1.821559282970550555e+02
1.011637979766207013e-04 1.926098839091135915e+02
1.071891319205128638e-04 2.036631704596663326e+02
1.135733358343105206e-04 2.153500282458803383e+02
1.203377840777590556e-04 2.277066264409980079e+02
1.275051240713012809e-04 2.407711841733522817e+02
1.350993521198027864e-04 2.545840831557882211e+02
1.431458937523478591e-04 2.691879523608338900e+02
1.516716888470924095e-04 2.846277965841987339e+02
1.607052818261638333e-04 3.009511522336419489e+02
1.702769172225901374e-04 3.182082222399531588e+02
1.804186409392071779e-04 3.364519522142871892e+02
1.911644075385703697e-04 3.557381899897470134e+02
2.025501939230666413e-04 3.761258879558673129e+02
2.146141197858405776e-04 3.976772601264413538e+02
2.273965752357927448e-04 4.204578222384448623e+02
2.409403560239526765e-04 4.445365906273509040e+02
2.552908068239516468e-04 4.699863475344793642e+02
2.704959730463137079e-04 4.968838153156924591e+02
2.866067616948250111e-04 5.253096086272971661e+02
3.036771118035460487e-04 5.553484844522355388e+02
3.217641750250735269e-04 5.870896921022728066e+02
3.409285069746814732e-04 6.206271507543034431e+02
3.612342699709430527e-04 6.560592296057036492e+02
3.827494478516315301e-04 6.934890650999515174e+02
4.055460735840827930e-04 7.330250196681046191e+02
4.297004704320843828e-04 7.747808349865858872e+02
4.552935074866947636e-04 8.188751198029482339e+02
4.824108704165373600e-04 8.654317536191059617e+02
5.111433483440165366e-04 9.145804733678040748e+02
5.415871378079476200e-04 9.664569614158672266e+02
5.738441648302393047e-04 1.021201936789652336e+03
6.080224261649426910e-04 1.078961651607645308e+03
6.442363508721370797e-04 1.139888588198915159e+03
6.826071834272392233e-04 1.204141412261639744e+03
7.232633896483533272e-04 1.271883473234703388e+03
7.663410868007461971e-04 1.343283409008531180e+03
8.119844993184008319e-04 1.418515942125608944e+03
8.603464416684509499e-04 1.497761634087109314e+03
9.115888299750818944e-04 1.581204828318340333e+03
9.658832241158708896e-04 1.669034288618080154e+03
1.023411402105453864e-03 1.761443952887393834e+03
1.084365968689610842e-03 1.858631965842051613e+03
1.148951000187309855e-03 1.960795030350209117e+03
1.217382727739662078e-03 2.068130055404986706e+03
1.289890261253309484e-03 2.180835842721946392e+03
1.366716356462007289e-03 2.299111636363716116e+03
1.448118227674534582e-03 2.423151143863133711e+03
1.534368408930013262e-03 2.553143808540318787e+03
1.625755666443795110e-03 2.689275815518423315e+03
1.722585965398787389e-03 2.831727028348433123e+03
1.825183494319044218e-03 2.980658545783521276e+03
1.933891750455232110e-03 3.136216090082209121e+03
2.049074689815848227e-03 3.298532332150421098e+03
2.171117945694505096e-03 3.467722850895110696e+03
2.300430119772919023e-03 3.643872892290233267e+03
2.437444150122221927e-03 3.827040317651440546e+03
2.582618760682677504e-03 4.017256937561993254e+03
2.736439997074671757e-03 4.214523116508116800e+03
2.899422853882878057e-03 4.418791643098231361e+03
3.072112998861759037e-03 4.629971601214926523e+03
3.255088599835059826e-03 4.847929727629444642e+03
3.448962260405759751e-03 5.072483791592604575e+03
3.654383070957258062e-03 5.303383550385435228e+03
3.872038781812556923e-03 5.540316511905423795e+03
4.102658105827194576e-03 5.782910048576217378e+03
4.347013158125026359e-03 6.030723359843568687e+03
4.605922041145108295e-03 6.283222783295615955e+03
4.880251583654433324e-03 6.539792989037637199e+03
5.170920242896760721e-03 6.799742148547925353e+03
5.478901179593945181e-03 7.062288984376753433e+03
5.805225516094901853e-03 7.326515741098843137e+03
6.150985788580504154e-03 7.591399402300993643e+03
6.517339604882426730e-03 7.855827478519770921e+03
6.905513520162331019e-03 8.118574879537973175e+03
7.316807143427199629e-03 8.378213875464020020e+03
7.752597488629464108e-03 8.633188394831455298e+03
8.214343584919429550e-03 8.881850979442833705e+03
8.703591361485166558e-03 9.122430406587978723e+03
9.221978823334331735e-03 9.352901121100796445e+03
9.771241535346501458e-03 9.571115176925972264e+03
1.035321843295662625e-02 9.774867184736940544e+03
1.096985797892384082e-02 9.961844844433602702e+03
1.162322468679852921e-02 1.012943076907729846e+04
1.231550603292826118e-02 1.027494107806555076e+04
1.304901978014402948e-02 1.039573846690086793e+04
1.382622173764656327e-02 1.048919033103729453e+04
1.464971398307286267e-02 1.055247320223108545e+04
1.552225357427047987e-02 1.058288528024707011e+04
1.644676177994664271e-02 1.057799418950045583e+04
1.742633386009650662e-02 1.053563870033108105e+04
1.846424942895544263e-02 1.045382793909235443e+04
1.956398343517064958e-02 1.033101895760387015e+04
2.072921779595372077e-02 1.016624802894059576e+04
2.196385372416546911e-02 9.959372767679158642e+03
2.327202478960409618e-02 9.711490995206848311e+03
2.465811075822603796e-02 9.424459263882750747e+03
2.612675225563329193e-02 9.100758062987710218e+03
2.768286630392066683e-02 8.744359678698505377e+03
2.933166278390045290e-02 8.362271649669108228e+03
3.107866187782013997e-02 7.961763784629251859e+03
3.292971255097151134e-02 7.549637804778834834e+03
3.489101213406773511e-02 7.133697326944933593e+03
3.696912707195028347e-02 6.724957784731504944e+03
3.917101490809260511e-02 6.333061444860833944e+03
4.150404757850476717e-02 5.965548168810983043e+03
4.397603609302721400e-02 5.628325946824597850e+03
4.659525668664682430e-02 5.326033863519232000e+03
4.937047852839003548e-02 5.061646610435357616e+03
5.231099308056263303e-02 4.833007757329258311e+03
5.542664520663106997e-02 4.634522522998214299e+03
5.872786613189483196e-02 4.456221974566708923e+03
6.222570836730231120e-02 4.284658703481720295e+03
6.593188271333548511e-02 4.104177665235390123e+03
6.985879746785249311e-02 3.899677952406409077e+03
7.401959996915644102e-02 3.660383384358902276e+03
7.842822061337681450e-02 3.383906502353566339e+03
8.309941949353395751e-02 3.078917187886236661e+03
8.804883581643464796e-02 2.764856038191036077e+03
9.329304026284686302e-02 2.467550908559107029e+03
9.884959046625586832e-02 2.211805174877591980e+03
1.047370897959450792e-01 2.013261270858818079e+03
1.109752496412072104e-01 1.872598849654493733e+03
1.175849554052158102e-01 1.773469500023397359e+03
1.245883364295008178e-01 1.685991405630912595e+03
1.320088400831419539e-01 1.577984429915361261e+03
1.398713102647238526e-01 1.433013688498217334e+03
1.482020705798860194e-01 1.263189426697046656e+03
1.570290124729377401e-01 1.102222435957548441e+03
1.663816886076130708e-01 9.810066103533620208e+02
1.762914118095947891e-01 9.048167468172615600e+02
1.867913599020784576e-01 8.499220261027461447e+02
1.979166867853557332e-01 7.822444914442954769e+02
2.097046401323234832e-01 6.915506528045090135e+02
2.221946860939523760e-01 6.021347484313700988e+02
2.354286414322420140e-01 5.382801919504260013e+02
2.494508135230316670e-01 4.957262526197183092e+02
2.643081486974108163e-01 4.502790097305752965e+02
2.800503894183630771e-01 3.954804546484357957e+02
2.967302408188872698e-01 3.489490531469973007e+02
3.144035471591500319e-01 3.159021193605095732e+02
3.331294787934677148e-01 2.831245303517281400e+02
3.529707302730650254e-01 2.490122500182885119e+02
3.739937302478801850e-01 2.219178102826772943e+02
3.962688638701478139e-01 1.981514715816669536e+02
4.198707084443914495e-01 1.748137682286999848e+02
4.448782831127585102e-01 1.551600264750888130e+02
4.713753134116728805e-01 1.374759005268336409e+02
4.994505115855140120e-01 1.213506710784753579e+02
5.291978735958446922e-01 1.073516340497536845e+02
5.607169938205458504e-01 9.465647132689973375e+01
5.941133984965040193e-01 8.350651853318839812e+01
6.294988990221888070e-01 7.353879607841957977e+01
6.669919663030128287e-01 6.473279280676328540e+01
7.067181273927490848e-01 5.691585275204565875e+01
7.488103857590030499e-01 5.001233318291728125e+01
7.934096665797492065e-01 4.390710503932135822e+01
8.406652885618334237e-01 3.851661311039085689e+01
8.907354638610439634e-01 3.376163538594909141e+01
9.437878277775391123e-01 2.956751361826486502e+01
1.000000000000000000e+00 2.587569785140782130e+01
