1.000000000000000082e-05 8.113732741901163337e+00
1.059560179277617057e-05 8.579597807042130597e+00
1.122667773510813544e-05 9.072211381879238701e+00
1.189534067370320835e-05 9.593109281876063932e+00
1.260382929679727389e-05 1.014391550419911603e+01
1.335451562929900141e-05 1.072634729083458183e+01
1.414991297434575937e-05 1.134222048241301017e+01
1.499268432786047117e-05 1.199345517943415729e+01
1.588565129428052877e-05 1.268208172854119198e+01
1.683180353330958413e-05 1.341024705250841009e+01
1.783430876931909215e-05 1.418022134367654452e+01
1.889652339691211472e-05 1.499440514170453831e+01
2.002200371815584479e-05 1.585533681770317571e+01
2.121451784910631934e-05 1.676570048808462232e+01
2.247805833548725246e-05 1.772833438279990403e+01
2.381685551976160786e-05 1.874623969405478974e+01
2.523539170434765982e-05 1.982258993309068273e+01
2.673841615839949297e-05 2.096074082420299689e+01
2.833096101839323942e-05 2.216424076684245037e+01
3.001835813575592089e-05 2.343684189841800602e+01
3.180625692794118915e-05 2.478251179229058465e+01
3.370064329271931777e-05 2.620544582742950368e+01
3.570785964900462521e-05 2.771008026829507287e+01
3.783462617131932846e-05 2.930110609572772873e+01
4.008806328898464845e-05 3.098348363196262056e+01
4.247571552536902605e-05 3.276245800536749897e+01
4.500557675700497562e-05 3.464357550311636658e+01
4.768611697714474431e-05 3.663270086278326687e+01
5.052631065335679548e-05 3.873603555676415056e+01
5.353566677410729675e-05 4.096013712653393668e+01
5.672426068491977794e-05 4.331193962701458133e+01
6.010276782070387642e-05 4.579877524479619666e+01
6.368249944718585675e-05 4.842839715760687369e+01
6.747544053110699554e-05 5.120900370630306497e+01
7.149428986597576249e-05 5.414926395473837317e+01
7.575250258771920673e-05 5.725834471720117591e+01
8.026433522257173624e-05 6.054593913768137980e+01
8.504489341802686365e-05 6.402229691007059387e+01
9.011018251665017960e-05 6.769825623350951105e+01
9.547716114208065730e-05 7.158527760251308791e+01
1.011637979766207013e-04 7.569547953721637157e+01
1.071891319205128638e-04 8.004167636514137030e+01
1.135733358343105206e-04 8.463741817227169406e+01
1.203377840777590556e-04 8.949703304799530201e+01
1.275051240713012809e-04 9.463567175561639999e+01
1.350993521198027864e-04 1.000693549677108223e+02
1.431458937523478591e-04 1.058150232135843112e+02
1.516716888470924095e-04 1.118905896945599494e+02
1.607052818261638333e-04 1.183149961317507177e+02
1.702769172225901374e-04 1.251082718204390005e+02
1.804186409392071779e-04 1.322915960751695650e+02
1.911644075385703697e-04 1.398873642602479208e+02
2.025501939230666413e-04 1.479192576114980113e+02
2.146141197858405776e-04 1.616589998324537873e+02
2.273965752357927448e-04 1.907836918941375188e+02
2.409403560239526765e-04 2.239500274993870050e+02
2.552908068239516468e-04 2.603942051684488774e+02
2.704959730463137079e-04 2.986761466273914607e+02
2.866067616948250111e-04 3.374620722157716841e+02
3.036771118035460487e-04 3.766439188274843559e+02
3.217641750250735269e-04 4.165957327293031653e+02
3.409285069746814732e-04 4.581040351966253183e+02
3.612342699709430527e-04 5.018278566611818405e+02
3.827494478516315301e-04 5.477424713544002088e+02
4.055460735840827930e-04 5.957333121988652920e+02
4.297004704320843828e-04 6.456620708917487264e+02
4.552935074866947636e-04 6.974715800017412448e+02
4.824108704165373600e-04 7.512793499614274424e+02
5.111433483440165366e-04 8.072787079837853526e+02
5.415871378079476200e-04 8.657347489372422160e+02
5.738441648302393047e-04 9.268787350931221454e+02
6.080224261649426910e-04 9.908306186396146131e+02
6.442363508721370797e-04 1.057719526632766474e+03
6.826071834272392233e-04 1.127696632042725241e+03
7.232633896483533272e-04 1.200925674498811986e+03
7.663410868007461971e-04 1.277577988997609964e+03
8.119844993184008319e-04 1.357847840775766599e+03
8.603464416684509499e-04 1.441955447374653431e+03
9.115888299750818944e-04 1.530114627825714024e+03
9.658832241158708896e-04 1.622515991467746744e+03
1.023411402105453864e-03 1.719363096884963170e+03
1.084365968689610842e-03 1.820875959482369581e+03
1.148951000187309855e-03 1.927271836753360049e+03
1.217382727739662078e-03 2.038756840246476941e+03
1.289890261253309484e-03 2.155546480602476549e+03
1.366716356462007289e-03 2.277867131616844290e+03
1.448118227674534582e-03 2.405936706852655789e+03
1.534368408930013262e-03 2.539957212888894901e+03
1.625755666443795110e-03 2.680133035278088300e+03
1.722585965398787389e-03 2.826671167873354534e+03
1.825183494319044218e-03 2.979760762223964775e+03
1.933891750455232110e-03 3.139565983625878744e+03
2.049074689815848227e-03 3.306242659616480069e+03
2.171117945694505096e-03 3.479937254345524252e+03
2.300430119772919023e-03 3.660767187805598041e+03
2.437444150122221927e-03 3.848814414927848247e+03
2.582618760682677504e-03 4.044138764721215011e+03
2.736439997074671757e-03 4.246775591858415282e+03
2.899422853882878057e-03 4.456715025965132554e+03
3.072112998861759037e-03 4.673895791208730770e+03
3.255088599835059826e-03 4.898217213727020862e+03
3.448962260405759751e-03 5.129535891806791369e+03
3.654383070957258062e-03 5.367643221150406134e+03
3.872038781812556923e-03 5.612259809035737817e+03
4.102658105827194576e-03 5.863047604897528799e+03
4.347013158125026359e-03 6.119606121058562167e+03
4.605922041145108295e-03 6.381445238586796222e+03
4.880251583654433324e-03 6.647981109787684545e+03
5.170920242896760721e-03 6.918552456345860264e+03
5.478901179593945181e-03 7.192416587538694330e+03
5.805225516094901853e-03 7.468701357918644135e+03
6.150985788580504154e-03 7.746404951685873129e+03
6.517339604882426730e-03 8.024431042957523459e+03
6.905513520162331019e-03 8.301585335076981210e+03
7.316807143427199629e-03 8.576486633131589770e+03
7.752597488629464108e-03 8.847578308214346180e+03
8.214343584919429550e-03 9.113201366311330275e+03
8.703591361485166558e-03 9.371594898139117504e+03
9.221978823334331735e-03 9.620764376868410181e+03
9.771241535346501458e-03 9.858518122597872207e+03
1.035321843295662625e-02 1.008258820832827769e+04
1.096985797892384082e-02 1.029063770902973556e+04
1.162322468679852921e-02 1.048005379526643628e+04
1.231550603292826118e-02 1.064803573015123038e+04
1.304901978014402948e-02 1.079180036440631739e+04
1.382622173764656327e-02 1.090861061103257271e+04
1.464971398307286267e-02 1.099556597885611518e+04
1.552225357427047987e-02 1.104974815247810147e+04
1.644676177994664271e-02 1.106847294137448262e+04
1.742633386009650662e-02 1.104935123027472400e+04
1.846424942895544263e-02 1.099018643346147473e+04
1.956398343517064958e-02 1.088912928479340371e+04
2.072921779595372077e-02 1.074488052642192270e+04
2.196385372416546911e-02 1.055682181469836360e+04
2.327202478960409618e-02 1.032558655177362743e+04
2.465811075822603796e-02 1.005280481129897271e+04
2.612675225563329193e-02 9.740740558504357978e+03
2.768286630392066683e-02 9.392537968020635162e+03
2.933166278390045290e-02 9.014448787453346085e+03
3.107866187782013997e-02 8.614102808342215212e+03
3.292971255097151134e-02 8.198715217351047613e+03
3.489101213406773511e-02 7.775416372744341970e+03
3.696912707195028347e-02 7.354589942534946204e+03
3.917101490809260511e-02 6.946859564718498405e+03
4.150404757850476717e-02 6.560745136586926492e+03
4.397603609302721400e-02 6.202867916637498638e+03
4.659525668664682430e-02 5.878272396591128199e+03
4.937047852839003548e-02 5.590626570048538269e+03
5.231099308056263303e-02 5.339363671755359064e+03
5.542664520663106997e-02 5.119456578435095253e+03
5.872786613189483196e-02 4.921765997704137590e+03
6.222570836730231120e-02 4.733343412650562641e+03
6.593188271333548511e-02 4.538505077753042315e+03
6.985879746785249311e-02 4.321527487366367495e+03
7.401959996915644102e-02 4.070320340339397262e+03
7.842822061337681450e-02 3.780559853238380128e+03
8.309941949353395751e-02 3.458918743911296588e+03
8.804883581643464796e-02 3.123424308813557218e+03
9.329304026284686302e-02 2.799946350496456489e+03
9.884959046625586832e-02 2.514994921154254371e+03
1.047370897959450792e-01 2.287284003986569132e+03
1.109752496412072104e-01 2.120849382680088638e+03
1.175849554052158102e-01 2.002019899703876263e+03
1.245883364295008178e-01 1.901795458780741910e+03
1.320088400831419539e-01 1.785995361115066544e+03
1.398713102647238526e-01 1.633331563361762619e+03
1.482020705798860194e-01 1.450813251675948322e+03
1.570290124729377401e-01 1.270895030537648381e+03
1.663816886076130708e-01 1.128436343128563749e+03
1.762914118095947891e-01 1.034830179338941662e+03
1.867913599020784576e-01 9.698118790382172847e+02
1.979166867853557332e-01 8.974735583625741810e+02
2.097046401323234832e-01 8.001704736746914932e+02
2.221946860939523760e-01 6.987856662633930682e+02
2.354286414322420140e-01 6.217534938492888159e+02
2.494508135230316670e-01 5.706268287777523938e+02
2.643081486974108163e-01 5.209465900500177895e+02
2.800503894183630771e-01 4.604981317825777865e+02
2.967302408188872698e-01 4.054750575851015810e+02
3.144035471591500319e-01 3.660670002783809309e+02
3.331294787934677148e-01 3.295663910115782755e+02
3.529707302730650254e-01 2.906353960745974518e+02
3.739937302478801850e-01 2.584162314178581141e+02
3.962688638701478139e-01 2.312489006253088064e+02
4.198707084443914495e-01 2.044220235357778392e+02
4.448782831127585102e-01 1.813256012601353291e+02
4.713753134116728805e-01 1.609770604449580844e+02
4.994505115855140120e-01 1.421619581940962576e+02
5.291978735958446922e-01 1.258777782566354517e+02
5.607169938205458504e-01 1.110988048072902643e+02
5.941133984965040193e-01 9.807870520816058502e+01
6.294988990221888070e-01 8.644054043163829704e+01
6.669919663030128287e-01 7.615124234410275506e+01
7.067181273927490848e-01 6.700509850973311643e+01
7.488103857590030499e-01 5.891861601350948519e+01
7.934096665797492065e-01 5.176360032151755775e+01
8.406652885618334237e-01 4.543903030218852024e+01
8.907354638610439634e-01 3.985655545281492351e+01
9.437878277775391123e-01 3.492922031284795992e+01
1.000000000000000000e+00 3.058590651952530237e+01
