1.000000000000000082e-05 2.597426945610687987e+00
1.059560179277617057e-05 2.746562963137555879e+00
1.122667773510813544e-05 2.904261283892409562e+00
1.189534067370320835e-05 3.071014067257958668e+00
1.260382929679727389e-05 3.247341148099706754e+00
1.335451562929900141e-05 3.433792201670633482e+00
1.414991297434575937e-05 3.630948463420664130e+00
1.499268432786047117e-05 3.839424554044090776e+00
1.588565129428052877e-05 4.059870382517575926e+00
1.683180353330958413e-05 4.292973169000524614e+00
1.783430876931909215e-05 4.539459579384000243e+00
1.889652339691211472e-05 4.800097976835480118e+00
2.002200371815584479e-05 5.075700827920024416e+00
2.121451784910631934e-05 5.367127236238689036e+00
2.247805833548725246e-05 5.675285612161001580e+00
2.381685551976160786e-05 6.001136491566449571e+00
2.523539170434765982e-05 6.345695538363647970e+00
2.673841615839949297e-05 6.710036709630083251e+00
2.833096101839323942e-05 7.095295582552560099e+00
3.001835813575592089e-05 7.502672863608281340e+00
3.180625692794118915e-05 7.933438153251070268e+00
3.370064329271931777e-05 8.388933901907767776e+00
3.570785964900462521e-05 8.870579553746450685e+00
3.783462617131932846e-05 9.379875915599303227e+00
4.008806328898464845e-05 9.918409874796077830e+00
4.247571552536902605e-05 1.048785934091186078e+01
4.500557675700497562e-05 1.108999839045883817e+01
4.768611697714474431e-05 1.172670268856094999e+01
5.052631065335679548e-05 1.239995541533281020e+01
5.353566677410729675e-05 1.311185343635672673e+01
5.672426068491977794e-05 1.386461366386713934e+01
6.010276782070387642e-05 1.466057976168410804e+01
6.368249944718585675e-05 1.550222960596246402e+01
6.747544053110699554e-05 1.639218298266887430e+01
7.149428986597576249e-05 1.733320939311128228e+01
7.575250258771920673e-05 1.832823629472055416e+01
8.026433522257173624e-05 1.938035853345131443e+01
8.504489341802686365e-05 2.049284793208546418e+01
9.011018251665017960e-05 2.166916275715462348e+01
9.547716114208065730e-05 2.291295776346376911e+01
1.011637979766207013e-04 2.422809618141136667e+01
1.071891319205128638e-04 2.561866162983153572e+01
1.135733358343105206e-04 2.708896935175148357e+01
1.203377840777590556e-04 2.864357828174526333e+01
1.275051240713012809e-04 3.028730642207911572e+01
1.350993521198027864e-04 3.202524558222346229e+01
1.431458937523478591e-04 3.386277422736267795e+01
1.516716888470924095e-04 3.580557166695934512e+01
1.607052818261638333e-04 3.785963801569693743e+01
1.702769172225901374e-04 4.003131230096470716e+01
1.804186409392071779e-04 4.232728613127392236e+01
1.911644075385703697e-04 4.475461979392034095e+01
2.025501939230666413e-04 4.732076861321039019e+01
2.146141197858405776e-04 5.003360493168548118e+01
2.273965752357927448e-04 5.290143048128484793e+01
2.409403560239526765e-04 5.593299356728557115e+01
2.552908068239516468e-04 5.913752463223117672e+01
2.704959730463137079e-04 6.252476240240871164e+01
2.866067616948250111e-04 6.610496022706470853e+01
3.036771118035460487e-04 6.988890240850710711e+01
3.217641750250735269e-04 7.388795340087787622e+01
3.409285069746814732e-04 7.811408783547763335e+01
3.612342699709430527e-04 8.257988138882853946e+01
3.827494478516315301e-04 8.729852253025798348e+01
4.055460735840827930e-04 9.228388217399152893e+01
4.297004704320843828e-04 9.755054602439166445e+01
4.552935074866947636e-04 1.031137723029120394e+02
4.824108704165373600e-04 1.089894924061168524e+02
5.111433483440165366e-04 1.151944113670847400e+02
5.415871378079476200e-04 1.217460386775499330e+02
5.738441648302393047e-04 1.286625868179915244e+02
6.080224261649426910e-04 1.359629523771101844e+02
6.442363508721370797e-04 1.436668583382948725e+02
6.826071834272392233e-04 1.517948754102617386e+02
7.232633896483533272e-04 1.603682165003320677e+02
7.663410868007461971e-04 1.694086849310622256e+02
8.119844993184008319e-04 1.789388755201298125e+02
8.603464416684509499e-04 1.889821759294239314e+02
9.115888299750818944e-04 1.995624692960673769e+02
9.658832241158708896e-04 2.107040534521711379e+02
1.023411402105453864e-03 2.224318616471020391e+02
1.084365968689610842e-03 2.347714193223047232e+02
1.148951000187309855e-03 2.477482616980187800e+02
1.217382727739662078e-03 2.613877795866616793e+02
1.289890261253309484e-03 2.757155703858946936e+02
1.366716356462007289e-03 2.907573569129908151e+02
1.448118227674534582e-03 3.065386536911591975e+02
1.534368408930013262e-03 3.230846244122891449e+02
1.625755666443795110e-03 3.404201305603842229e+02
1.722585965398787389e-03 3.585695375506140294e+02
1.825183494319044218e-03 3.775555394699367753e+02
1.933891750455232110e-03 3.973988957650349221e+02
2.049074689815848227e-03 4.181189424817054601e+02
2.171117945694505096e-03 4.397332831560210025e+02
2.300430119772919023e-03 4.622560438967393566e+02
2.437444150122221927e-03 4.856975475023876356e+02
2.582618760682677504e-03 5.100650085031653589e+02
2.736439997074671757e-03 5.353621059572566310e+02
2.899422853882878057e-03 5.615870677426022439e+02
3.072112998861759037e-03 5.887323284926201268e+02
3.255088599835059826e-03 6.167851435968450460e+02
3.448962260405759751e-03 6.457270554278568397e+02
3.654383070957258062e-03 6.755316510178416820e+02
3.872038781812556923e-03 7.061642900899820461e+02
4.102658105827194576e-03 7.375828423794156379e+02
4.347013158125026359e-03 7.697370567848935252e+02
4.605922041145108295e-03 8.025651687182814840e+02
4.880251583654433324e-03 8.359939778124473833e+02
5.170920242896760721e-03 8.699404057609252732e+02
5.478901179593945181e-03 9.043107554071857521e+02
5.805225516094901853e-03 9.389946019169648253e+02
6.150985788580504154e-03 9.738659160501005090e+02
6.517339604882426730e-03 1.008786687543347057e+03
6.905513520162331019e-03 1.043606119581222629e+03
7.316807143427199629e-03 1.078150144673256136e+03
7.752597488629464108e-03 1.112224861250459526e+03
8.214343584919429550e-03 1.145623743603947560e+03
8.703591361485166558e-03 1.178126874880056221e+03
9.221978823334331735e-03 1.209483630712854847e+03
9.771241535346501458e-03 1.239420789579775146e+03
1.035321843295662625e-02 1.267655751987572785e+03
1.096985797892384082e-02 1.293895947170781710e+03
1.162322468679852921e-02 1.317810655929770519e+03
1.231550603292826118e-02 1.339048172586729834e+03
1.304901978014402948e-02 1.357258998679839351e+03
1.382622173764656327e-02 1.372097749159288242e+03
1.464971398307286267e-02 1.383195766949969993e+03
1.552225357427047987e-02 1.390185713463387629e+03
1.644676177994664271e-02 1.392729591244164567e+03
1.742633386009650662e-02 1.390525144196100428e+03
1.846424942895544263e-02 1.383292656907962055e+03
1.956398343517064958e-02 1.370798499040859951e+03
2.072921779595372077e-02 1.352877914474659292e+03
2.196385372416546911e-02 1.329453243811760785e+03
2.327202478960409618e-02 1.300599123003152499e+03
2.465811075822603796e-02 1.266504121375381828e+03
2.612675225563329193e-02 1.227437564047728983e+03
2.768286630392066683e-02 1.183796232656264010e+03
2.933166278390045290e-02 1.136384325861399475e+03
3.107866187782013997e-02 1.086144359078883326e+03
3.292971255097151134e-02 1.033968816199891307e+03
3.489101213406773511e-02 9.807682170623247657e+02
3.696912707195028347e-02 9.278861084793403506e+02
3.917101490809260511e-02 8.766431834175358517e+02
4.150404757850476717e-02 8.280980767980148585e+02
4.397603609302721400e-02 7.830815542065220143e+02
4.659525668664682430e-02 7.422469093536831224e+02
4.937047852839003548e-02 7.060700579624458442e+02
5.231099308056263303e-02 6.744669725064450176e+02
5.542664520663106997e-02 6.468140972445492025e+02
5.872786613189483196e-02 6.219532809887322173e+02
6.222570836730231120e-02 5.982477378528895997e+02
6.593188271333548511e-02 5.737226990832529054e+02
6.985879746785249311e-02 5.463871516556461074e+02
7.401959996915644102e-02 5.147103125637307812e+02
7.842822061337681450e-02 4.781433822412967629e+02
8.309941949353395751e-02 4.375290911905007647e+02
8.804883581643464796e-02 3.951459656658752237e+02
9.329304026284686302e-02 3.542678598990942191e+02
9.884959046625586832e-02 3.182511884591778539e+02
1.047370897959450792e-01 2.894670014534706297e+02
1.109752496412072104e-01 2.684300505546240174e+02
1.175849554052158102e-01 2.534149620633322684e+02
1.245883364295008178e-01 2.407514967910565815e+02
1.320088400831419539e-01 2.261134347061679932e+02
1.398713102647238526e-01 2.068040342905753732e+02
1.482020705798860194e-01 1.837093180923637306e+02
1.570290124729377401e-01 1.609374248868135169e+02
1.663816886076130708e-01 1.429047498975393466e+02
1.762914118095947891e-01 1.310565022572978364e+02
1.867913599020784576e-01 1.228282951962083445e+02
1.979166867853557332e-01 1.136737167945176168e+02
2.097046401323234832e-01 1.013546716457974100e+02
2.221946860939523760e-01 8.851577969031264104e+01
2.354286414322420140e-01 7.875995627485869477e+01
2.494508135230316670e-01 7.228545136227685930e+01
2.643081486974108163e-01 6.599476981301548051e+01
2.800503894183630771e-01 5.833883105617240972e+01
2.967302408188872698e-01 5.136909730660623552e+01
3.144035471591500319e-01 4.637722773850267544e+01
3.331294787934677148e-01 4.175403721435223758e+01
3.529707302730650254e-01 3.682244303408285191e+01
3.739937302478801850e-01 3.274060728458024272e+01
3.962688638701478139e-01 2.929927652630715684e+01
4.198707084443914495e-01 2.590068599848086350e+01
4.448782831127585102e-01 2.297434280053007072e+01
4.713753134116728805e-01 2.039648401781499842e+01
4.994505115855140120e-01 1.801257526064305381e+01
5.291978735958446922e-01 1.594942477624724653e+01
5.607169938205458504e-01 1.407699537470657880e+01
5.941133984965040193e-01 1.242738131957844061e+01
6.294988990221888070e-01 1.095282984445156060e+01
6.669919663030128287e-01 9.649057707610538159e+00
7.067181273927490848e-01 8.490190164954690033e+00
7.488103857590030499e-01 7.465630275528338800e+00
7.934096665797492065e-01 6.559020035960876349e+00
8.406652885618334237e-01 5.757664936860264149e+00
8.907354638610439634e-01 5.050313660997747256e+00
9.437878277775391123e-01 4.425941953081943936e+00
1.000000000000000000e+00 3.875623829543232368e+00
