1.000000000000000082e-05 2.350249091003403290e+00
1.059560179277617057e-05 2.485192940038577269e+00
1.122667773510813544e-05 2.627884281419005763e+00
1.189534067370320835e-05 2.778768439369798227e+00
1.260382929679727389e-05 2.938315779928462934e+00
1.335451562929900141e-05 3.107023669831667778e+00
1.414991297434575937e-05 3.285418032663189880e+00
1.499268432786047117e-05 3.474055000225121592e+00
1.588565129428052877e-05 3.673522634477871307e+00
1.683180353330958413e-05 3.884442757936095614e+00
1.783430876931909215e-05 4.107472885088432335e+00
1.889652339691211472e-05 4.343308259679457883e+00
2.002200371815584479e-05 4.592684031858145666e+00
2.121451784910631934e-05 4.856377550708701030e+00
2.247805833548725246e-05 5.135210779924401336e+00
2.381685551976160786e-05 5.430052848310375602e+00
2.523539170434765982e-05 5.741822766575285009e+00
2.673841615839949297e-05 6.071492291268203445e+00
2.833096101839323942e-05 6.420088935118815954e+00
3.001835813575592089e-05 6.788699142275781639e+00
3.180625692794118915e-05 7.178471694735669928e+00
3.370064329271931777e-05 7.590621291876547438e+00
3.570785964900462521e-05 8.026432299894498357e+00
3.783462617131932846e-05 8.487262704968543403e+00
4.008806328898464845e-05 8.974548382132836011e+00
4.247571552536902605e-05 9.489807566754993928e+00
4.500557675700497562e-05 1.003464550964572588e+01
4.768611697714474431e-05 1.061075938279284081e+01
5.052631065335679548e-05 1.121994364177076875e+01
5.353566677410729675e-05 1.186409560901897642e+01
5.672426068491977794e-05 1.254522122967965991e+01
6.010276782070387642e-05 1.326544113847253037e+01
6.368249944718585675e-05 1.402699741045972992e+01
6.747544053110699554e-05 1.483226052601112244e+01
7.149428986597576249e-05 1.568373643353947600e+01
7.575250258771920673e-05 1.658407400606789750e+01
8.026433522257173624e-05 1.753607357601925187e+01
8.504489341802686365e-05 1.854269561107173914e+01
9.011018251665017960e-05 1.960706928018475281e+01
9.547716114208065730e-05 2.073250154225953779e+01
1.011637979766207013e-04 2.192248799271512283e+01
1.071891319205128638e-04 2.318072364267366225e+01
1.135733358343105206e-04 2.451111308549403844e+01
1.203377840777590556e-04 2.591778141576525840e+01
1.275051240713012809e-04 2.740508814221796285e+01
1.350993521198027864e-04 2.897764052458657957e+01
1.431458937523478591e-04 3.064030519942143727e+01
1.516716888470924095e-04 3.239822101843295599e+01
1.607052818261638333e-04 3.425681710989922379e+01
1.702769172225901374e-04 3.622182926299603167e+01
1.804186409392071779e-04 3.829931229549115557e+01
1.911644075385703697e-04 4.049565461951191025e+01
2.025501939230666413e-04 4.281760209145441820e+01
2.146141197858405776e-04 4.527227790141759556e+01
2.273965752357927448e-04 4.786719376709465479e+01
2.409403560239526765e-04 5.061026548244476686e+01
2.552908068239516468e-04 5.350984509726622207e+01
2.704959730463137079e-04 5.657474457550745939e+01
2.866067616948250111e-04 5.981424153122710408e+01
3.036771118035460487e-04 6.323809400468074671e+01
3.217641750250735269e-04 6.685658497921154719e+01
3.409285069746814732e-04 7.068054954928770428e+01
3.612342699709430527e-04 7.472136665758323204e+01
3.827494478516315301e-04 7.899096972463249244e+01
4.055460735840827930e-04 8.350190967264902042e+01
4.297004704320843828e-04 8.826738419270837710e+01
4.552935074866947636e-04 9.330119949451463413e+01
4.824108704165373600e-04 9.861777090180045491e+01
5.111433483440165366e-04 1.042322137535648920e+02
5.415871378079476200e-04 1.101603712931002974e+02
5.738441648302393047e-04 1.164187228542189843e+02
6.080224261649426910e-04 1.230243667774506662e+02
6.442363508721370797e-04 1.299951491561609771e+02
6.826071834272392233e-04 1.373496831373118141e+02
7.232633896483533272e-04 1.451071629531926988e+02
7.663410868007461971e-04 1.532873170658901643e+02
8.119844993184008319e-04 1.619105901118925601e+02
8.603464416684509499e-04 1.709981441227976404e+02
9.115888299750818944e-04 1.805715894547341236e+02
9.658832241158708896e-04 1.906529116953730636e+02
1.023411402105453864e-03 2.012646713816951376e+02
1.084365968689610842e-03 2.124299648882310976e+02
1.148951000187309855e-03 2.241718974377322127e+02
1.217382727739662078e-03 2.365134435873471261e+02
1.289890261253309484e-03 2.494777648202844773e+02
1.366716356462007289e-03 2.630881361041101627e+02
1.448118227674534582e-03 2.773676439341272726e+02
1.534368408930013262e-03 2.923390573603327880e+02
1.625755666443795110e-03 3.080248719837221643e+02
1.722585965398787389e-03 3.244471345436454044e+02
1.825183494319044218e-03 3.416263794991515397e+02
1.933891750455232110e-03 3.595813907743757341e+02
2.049074689815848227e-03 3.783296643470730487e+02
2.171117945694505096e-03 3.978871285553707366e+02
2.300430119772919023e-03 4.182665652310440692e+02
2.437444150122221927e-03 4.394773148284595550e+02
2.582618760682677504e-03 4.615259053244944312e+02
2.736439997074671757e-03 4.844156656686585052e+02
2.899422853882878057e-03 5.081449923786022964e+02
3.072112998861759037e-03 5.327070400275605380e+02
3.255088599835059826e-03 5.580902768151070177e+02
3.448962260405759751e-03 5.842780015893041536e+02
3.654383070957258062e-03 6.112463149085517671e+02
3.872038781812556923e-03 6.389638729542147075e+02
4.102658105827194576e-03 6.673925546862136571e+02
4.347013158125026359e-03 6.964868910278408976e+02
4.605922041145108295e-03 7.261909950686416551e+02
4.880251583654433324e-03 7.564386323774243692e+02
5.170920242896760721e-03 7.871546305938682053e+02
5.478901179593945181e-03 8.182542090247827673e+02
5.805225516094901853e-03 8.496374511482504204e+02
6.150985788580504154e-03 8.811903209919993287e+02
6.517339604882426730e-03 9.127879417057723686e+02
6.905513520162331019e-03 9.442938666884023178e+02
7.316807143427199629e-03 9.755505931612509585e+02
7.752597488629464108e-03 1.006382671729269532e+03
8.214343584919429550e-03 1.036603230203289968e+03
8.703591361485166558e-03 1.066013279585248256e+03
9.221978823334331735e-03 1.094386045570980059e+03
9.771241535346501458e-03 1.121474307103454748e+03
1.035321843295662625e-02 1.147022357586868566e+03
1.096985797892384082e-02 1.170765468045203079e+03
1.162322468679852921e-02 1.192404391371768270e+03
1.231550603292826118e-02 1.211620891109144850e+03
1.304901978014402948e-02 1.228098727971535936e+03
1.382622173764656327e-02 1.241525384642240397e+03
1.464971398307286267e-02 1.251567286405278082e+03
1.552225357427047987e-02 1.257892051560688060e+03
1.644676177994664271e-02 1.260193847363645546e+03
1.742633386009650662e-02 1.258199181188477951e+03
1.846424942895544263e-02 1.251654956064698808e+03
1.956398343517064958e-02 1.240349774519696439e+03
2.072921779595372077e-02 1.224134559051120277e+03
2.196385372416546911e-02 1.202939040530163084e+03
2.327202478960409618e-02 1.176830752358004020e+03
2.465811075822603796e-02 1.145980319117206363e+03
2.612675225563329193e-02 1.110631436253299171e+03
2.768286630392066683e-02 1.071143126637394062e+03
2.933166278390045290e-02 1.028243059308969123e+03
3.107866187782013997e-02 9.827840574832626999e+02
3.292971255097151134e-02 9.355736739800092892e+02
3.489101213406773511e-02 8.874357812184065324e+02
3.696912707195028347e-02 8.395860706278801899e+02
3.917101490809260511e-02 7.932195546223475731e+02
4.150404757850476717e-02 7.492941256904591683e+02
4.397603609302721400e-02 7.085614916198165929e+02
4.659525668664682430e-02 6.716127770047596641e+02
4.937047852839003548e-02 6.388786081992411710e+02
5.231099308056263303e-02 6.102829539532619947e+02
5.542664520663106997e-02 5.852615977000150451e+02
5.872786613189483196e-02 5.627666009088353576e+02
6.222570836730231120e-02 5.413169384646619164e+02
6.593188271333548511e-02 5.191257657071110998e+02
6.985879746785249311e-02 4.943915395521177061e+02
7.401959996915644102e-02 4.657291502566480972e+02
7.842822061337681450e-02 4.326420234381972136e+02
8.309941949353395751e-02 3.958926931884313376e+02
8.804883581643464796e-02 3.575428553204372406e+02
9.329304026284686302e-02 3.205548156442230265e+02
9.884959046625586832e-02 2.879655836522786672e+02
1.047370897959450792e-01 2.619205742017707621e+02
1.109752496412072104e-01 2.428855538671088254e+02
1.175849554052158102e-01 2.292993399650665083e+02
1.245883364295008178e-01 2.178409627447117600e+02
1.320088400831419539e-01 2.045958964427705666e+02
1.398713102647238526e-01 1.871240284269043457e+02
1.482020705798860194e-01 1.662270650518409525e+02
1.570290124729377401e-01 1.456222039999401829e+02
1.663816886076130708e-01 1.293055649223636578e+02
1.762914118095947891e-01 1.185848271193168983e+02
1.867913599020784576e-01 1.111396374870961523e+02
1.979166867853557332e-01 1.028562324029022648e+02
2.097046401323234832e-01 9.170949939786568450e+01
2.221946860939523760e-01 8.009238955042233954e+01
2.354286414322420140e-01 7.126495548036837135e+01
2.494508135230316670e-01 6.540658117220667123e+01
2.643081486974108163e-01 5.971453712148642978e+01
2.800503894183630771e-01 5.278715726410320030e+01
2.967302408188872698e-01 4.648068137374781372e+01
3.144035471591500319e-01 4.196385100257249690e+01
3.331294787934677148e-01 3.778061522561192476e+01
3.529707302730650254e-01 3.331832428073577290e+01
3.739937302478801850e-01 2.962492656030898175e+01
3.962688638701478139e-01 2.651108172238549443e+01
4.198707084443914495e-01 2.343590984422556289e+01
4.448782831127585102e-01 2.078804502070459392e+01
4.713753134116728805e-01 1.845550193569149755e+01
4.994505115855140120e-01 1.629845209101869585e+01
5.291978735958446922e-01 1.443163633369831977e+01
5.607169938205458504e-01 1.273739214855362256e+01
5.941133984965040193e-01 1.124475962615569280e+01
6.294988990221888070e-01 9.910530276640736602e+00
6.669919663030128287e-01 8.730828462634278253e+00
7.067181273927490848e-01 7.682241747491888262e+00
7.488103857590030499e-01 6.755181622520138873e+00
7.934096665797492065e-01 5.934846754184956552e+00
8.406652885618334237e-01 5.209750675384814400e+00
8.907354638610439634e-01 4.569712773288942209e+00
9.437878277775391123e-01 4.004757889203705901e+00
1.000000000000000000e+00 3.506809459202552048e+00
