1.000000000000000082e-05 3.084982976923570597e+00
1.059560179277617057e-05 3.258472537539915947e+00
1.122667773510813544e-05 3.441717867786510343e+00
1.189534067370320835e-05 3.635268240656713168e+00
1.260382929679727389e-05 3.839703127308684572e+00
1.335451562929900141e-05 4.055634578546704283e+00
1.414991297434575937e-05 4.283709064664058097e+00
1.499268432786047117e-05 4.524609426360588493e+00
1.588565129428052877e-05 4.779056903743439833e+00
1.683180353330958413e-05 5.047813291982413020e+00
1.783430876931909215e-05 5.331683212928392201e+00
1.889652339691211472e-05 5.631516508004255073e+00
2.002200371815584479e-05 5.948210795400023621e+00
2.121451784910631934e-05 6.282714158548962757e+00
2.247805833548725246e-05 6.636027974818587083e+00
2.381685551976160786e-05 7.009209898333117472e+00
2.523539170434765982e-05 7.403377036210575746e+00
2.673841615839949297e-05 7.819709291967060771e+00
2.833096101839323942e-05 8.259452873742105794e+00
3.001835813575592089e-05 8.723923989734204909e+00
3.180625692794118915e-05 9.214512814384296036e+00
3.370064329271931777e-05 9.732687648614581022e+00
3.570785964900462521e-05 1.027999926839883038e+01
3.783462617131932846e-05 1.085808550335479161e+01
4.008806328898464845e-05 1.146867618654336773e+01
4.247571552536902605e-05 1.211359832807894144e+01
4.500557675700497562e-05 1.279478148647465119e+01
4.768611697714474431e-05 1.351426342136322667e+01
5.052631065335679548e-05 1.427419628739140300e+01
5.353566677410729675e-05 1.507685306524544266e+01
5.672426068491977794e-05 1.592463416646483587e+01
6.010276782070387642e-05 1.682007438609715777e+01
6.368249944718585675e-05 1.776585067253410699e+01
6.747544053110699554e-05 1.876479011373693595e+01
7.149428986597576249e-05 1.981987799081475998e+01
7.575250258771920673e-05 2.093426627193731449e+01
8.026433522257173624e-05 2.211128340587249497e+01
8.504489341802686365e-05 2.335444422442359524e+01
9.011018251665017960e-05 2.466745963700040178e+01
9.547716114208065730e-05 2.605424691349071864e+01
1.011637979766207013e-04 2.751894210120070738e+01
1.071891319205128638e-04 2.906591227019499968e+01
1.135733358343105206e-04 3.069976690511183648e+01
1.203377840777590556e-04 3.242537015766058062e+01
1.275051240713012809e-04 3.424785675389721717e+01
1.350993521198027864e-04 3.617264707102163612e+01
1.431458937523478591e-04 3.820545997452115472e+01
1.516716888470924095e-04 4.035232707410030173e+01
1.607052818261638333e-04 4.261961337654877724e+01
1.702769172225901374e-04 4.501403571016130201e+01
1.804186409392071779e-04 4.754267603336191428e+01
1.911644075385703697e-04 5.021299737298793531e+01
2.025501939230666413e-04 5.303287114796444257e+01
2.146141197858405776e-04 5.601059940283097660e+01
2.273965752357927448e-04 5.915492613848908121e+01
2.409403560239526765e-04 6.247505393450683187e+01
2.552908068239516468e-04 6.598068095848127257e+01
2.704959730463137079e-04 6.968202722330799759e+01
2.866067616948250111e-04 7.358983860913841113e+01
3.036771118035460487e-04 7.771540195810030127e+01
3.217641750250735269e-04 8.207059656651202317e+01
3.409285069746814732e-04 8.666792404888555268e+01
3.612342699709430527e-04 9.152049459390937614e+01
3.827494478516315301e-04 9.664203641474364304e+01
4.055460735840827930e-04 1.020469691547788926e+02
4.297004704320843828e-04 1.077504355823136848e+02
4.552935074866947636e-04 1.137682507313100331e+02
4.824108704165373600e-04 1.201168986829360392e+02
5.111433483440165366e-04 1.268136392258503520e+02
5.415871378079476200e-04 1.338765372114089587e+02
5.738441648302393047e-04 1.413243463863752538e+02
6.080224261649426910e-04 1.491764846037481220e+02
6.442363508721370797e-04 1.574531858188304909e+02
6.826071834272392233e-04 1.661755186397741682e+02
7.232633896483533272e-04 1.753651566660434753e+02
7.663410868007461971e-04 1.850443182816177341e+02
8.119844993184008319e-04 1.952359827325553283e+02
8.603464416684509499e-04 2.059638870686026451e+02
9.115888299750818944e-04 2.172521978932389288e+02
9.658832241158708896e-04 2.291254208213713355e+02
1.023411402105453864e-03 2.416086380308856576e+02
1.084365968689610842e-03 2.547274578330878683e+02
1.148951000187309855e-03 2.685073802020359039e+02
1.217382727739662078e-03 2.829736301319391032e+02
1.289890261253309484e-03 2.981515383996258493e+02
1.366716356462007289e-03 3.140664529784426122e+02
1.448118227674534582e-03 3.307433785530192836e+02
1.534368408930013262e-03 3.482068244884923160e+02
1.625755666443795110e-03 3.664808596183094664e+02
1.722585965398787389e-03 3.855889059173582041e+02
1.825183494319044218e-03 4.055524793919124704e+02
1.933891750455232110e-03 4.263909178895818286e+02
2.049074689815848227e-03 4.481219408977284502e+02
2.171117945694505096e-03 4.707613274008162421e+02
2.300430119772919023e-03 4.943210605188581326e+02
2.437444150122221927e-03 5.188090003791186291e+02
2.582618760682677504e-03 5.442296485559777466e+02
2.736439997074671757e-03 5.705837113905569140e+02
2.899422853882878057e-03 5.978660816335082018e+02
3.072112998861759037e-03 6.260655071061173658e+02
3.255088599835059826e-03 6.551652772456255889e+02
3.448962260405759751e-03 6.851426873339062240e+02
3.654383070957258062e-03 7.159666955973679023e+02
3.872038781812556923e-03 7.475976820698939491e+02
4.102658105827194576e-03 7.799882765428121729e+02
4.347013158125026359e-03 8.130827359181162137e+02
4.605922041145108295e-03 8.468134118066042220e+02
4.880251583654433324e-03 8.811008995409467843e+02
5.170920242896760721e-03 9.158557446678544238e+02
5.478901179593945181e-03 9.509777208580694605e+02
5.805225516094901853e-03 9.863494742123601782e+02
6.150985788580504154e-03 1.021837798674429450e+03
6.517339604882426730e-03 1.057297523563792993e+03
6.905513520162331019e-03 1.092570738667449859e+03
7.316807143427199629e-03 1.127475903354581305e+03
7.752597488629464108e-03 1.161811570207324849e+03
8.214343584919429550e-03 1.195364021336667520e+03
8.703591361485166558e-03 1.227906539949296075e+03
9.221978823334331735e-03 1.259181457648801597e+03
9.771241535346501458e-03 1.288908764161447152e+03
1.035321843295662625e-02 1.316799966886321045e+03
1.096985797892384082e-02 1.342557526114654365e+03
1.162322468679852921e-02 1.365845704887060492e+03
1.231550603292826118e-02 1.386308553527003141e+03
1.304901978014402948e-02 1.403594012129952489e+03
1.382622173764656327e-02 1.417355862397412466e+03
1.464971398307286267e-02 1.427225442299179122e+03
1.552225357427047987e-02 1.432837120618025665e+03
1.644676177994664271e-02 1.433857134838491220e+03
1.742633386009650662e-02 1.429989999806302421e+03
1.846424942895544263e-02 1.420964738188067031e+03
1.956398343517064958e-02 1.406558906062978167e+03
2.072921779595372077e-02 1.386621683117461771e+03
2.196385372416546911e-02 1.361092132013403670e+03
2.327202478960409618e-02 1.330065374573509644e+03
2.465811075822603796e-02 1.293752534522524456e+03
2.612675225563329193e-02 1.252446235548657341e+03
2.768286630392066683e-02 1.206567743058062206e+03
2.933166278390045290e-02 1.156951270206766139e+03
3.107866187782013997e-02 1.104568003701548150e+03
3.292971255097151134e-02 1.050333999821843236e+03
3.489101213406773511e-02 9.951795476425595552e+02
3.696912707195028347e-02 9.404696972055294282e+02
3.917101490809260511e-02 8.875402744504306156e+02
4.150404757850476717e-02 8.374561199315264730e+02
4.397603609302721400e-02 7.910471206967187072e+02
4.659525668664682430e-02 7.489603612858633142e+02
4.937047852839003548e-02 7.116612279862293917e+02
5.231099308056263303e-02 6.790492501793922884e+02
5.542664520663106997e-02 6.504817826414976025e+02
5.872786613189483196e-02 6.247819871487830596e+02
6.222570836730231120e-02 6.002979736283487000e+02
6.593188271333548511e-02 5.750464417999137368e+02
6.985879746785249311e-02 5.470366719715124191e+02
7.401959996915644102e-02 5.147470994631250960e+02
7.842822061337681450e-02 4.776439300414544959e+02
8.309941949353395751e-02 4.365843096311788827e+02
8.804883581643464796e-02 3.938526906814854556e+02
9.329304026284686302e-02 3.527143212627206026e+02
9.884959046625586832e-02 3.165019932228183848e+02
1.047370897959450792e-01 2.875547546815911915e+02
1.109752496412072104e-01 2.663591983849456142e+02
1.175849554052158102e-01 2.511793280054556590e+02
1.245883364295008178e-01 2.383612820527926601e+02
1.320088400831419539e-01 2.236187210196346768e+02
1.398713102647238526e-01 2.042941233999162307e+02
1.482020705798860194e-01 1.812771764381506614e+02
1.570290124729377401e-01 1.586295405331003110e+02
1.663816886076130708e-01 1.406982701290985744e+02
1.762914118095947891e-01 1.288889667099080611e+02
1.867913599020784576e-01 1.206620413735935671e+02
1.979166867853557332e-01 1.115442994249424657e+02
2.097046401323234832e-01 9.934503478931830500e+01
2.221946860939523760e-01 8.666388817088814278e+01
2.354286414322420140e-01 7.702611829338954408e+01
2.494508135230316670e-01 7.061525284228012822e+01
2.643081486974108163e-01 6.439797558270812772e+01
2.800503894183630771e-01 5.686374975614013039e+01
2.967302408188872698e-01 5.001436756544211448e+01
3.144035471591500319e-01 4.510375581666441747e+01
3.331294787934677148e-01 4.056219720226410175e+01
3.529707302730650254e-01 3.573145263975584385e+01
3.739937302478801850e-01 3.173510061288270734e+01
3.962688638701478139e-01 2.836776502680425693e+01
4.198707084443914495e-01 2.504924073399517326e+01
4.448782831127585102e-01 2.219430101554054602e+01
4.713753134116728805e-01 1.968197880846367198e+01
4.994505115855140120e-01 1.736218319152816392e+01
5.291978735958446922e-01 1.535637206030155077e+01
5.607169938205458504e-01 1.353844062053827813e+01
5.941133984965040193e-01 1.193859930730152996e+01
6.294988990221888070e-01 1.051030134786703840e+01
6.669919663030128287e-01 9.248872796906104199e+00
7.067181273927490848e-01 8.128986379059691458e+00
7.488103857590030499e-01 7.140038142035641577e+00
7.934096665797492065e-01 6.265966755707313318e+00
8.406652885618334237e-01 5.494277518302161489e+00
8.907354638610439634e-01 4.813906285068505042e+00
9.437878277775391123e-01 4.214053731068158726e+00
1.000000000000000000e+00 3.685963648892589983e+00
