1.000000000000000082e-05 2.597450821170257829e+00
1.059560179277617057e-05 2.746588209522447865e+00
1.122667773510813544e-05 2.904287975613955908e+00
1.189534067370320835e-05 3.071042286440590185e+00
1.260382929679727389e-05 3.247370980894241921e+00
1.335451562929900141e-05 3.433823738374688350e+00
1.414991297434575937e-05 3.630981798773712299e+00
1.499268432786047117e-05 3.839459787910040500e+00
1.588565129428052877e-05 4.059907620250999827e+00
1.683180353330958413e-05 4.293012521751860433e+00
1.783430876931909215e-05 4.539501164490099328e+00
1.889652339691211472e-05 4.800141918314607459e+00
2.002200371815584479e-05 5.075747256897416015e+00
2.121451784910631934e-05 5.367176291385748144e+00
2.247805833548725246e-05 5.675337439451141996e+00
2.381685551976160786e-05 6.001191242833908035e+00
2.523539170434765982e-05 6.345753370975328878e+00
2.673841615839949297e-05 6.710097786323146352e+00
2.833096101839323942e-05 7.095360071955377101e+00
3.001835813575592089e-05 7.502740941762908733e+00
3.180625692794118915e-05 7.933510004025523976e+00
3.370064329271931777e-05 8.389009717229784613e+00
3.570785964900462521e-05 8.870659533299487975e+00
3.783462617131932846e-05 9.379960265609811998e+00
4.008806328898464845e-05 9.918498807612724733e+00
4.247571552536902605e-05 1.048795307465412030e+01
4.500557675700497562e-05 1.109009714709831229e+01
4.768611697714474431e-05 1.172680668968764728e+01
5.052631065335679548e-05 1.240006487989164086e+01
5.353566677410729675e-05 1.311196857845540897e+01
5.672426068491977794e-05 1.386473469074921461e+01
6.010276782070387642e-05 1.466070687137588813e+01
6.368249944718585675e-05 1.550236298413905622e+01
6.747544053110699554e-05 1.639232279908515721e+01
7.149428986597576249e-05 1.733335579382636737e+01
7.575250258771920673e-05 1.832838938864605893e+01
8.026433522257173624e-05 1.938051838335345778e+01
8.504489341802686365e-05 2.049301454529700095e+01
9.011018251665017960e-05 2.166933607116635230e+01
9.547716114208065730e-05 2.291313762422842970e+01
1.011637979766207013e-04 2.422828232578359575e+01
1.071891319205128638e-04 2.561885366677163134e+01
1.135733358343105206e-04 2.708916673041213841e+01
1.203377840777590556e-04 2.864378024325560190e+01
1.275051240713012809e-04 3.028751196258077272e+01
1.350993521198027864e-04 3.202545341349794228e+01
1.431458937523478591e-04 3.386298271334293020e+01
1.516716888470924095e-04 3.580577873152250135e+01
1.607052818261638333e-04 3.785984106932108517e+01
1.702769172225901374e-04 4.003150816189099004e+01
1.804186409392071779e-04 4.232747089526010598e+01
1.911644075385703697e-04 4.475478864811982049e+01
2.025501939230666413e-04 4.732091568944007065e+01
2.146141197858405776e-04 5.003372314832772361e+01
2.273965752357927448e-04 5.290151128609100795e+01
2.409403560239526765e-04 5.593302657898642849e+01
2.552908068239516468e-04 5.913749735348846315e+01
2.704959730463137079e-04 6.252465990870776835e+01
2.866067616948250111e-04 6.610476465253881884e+01
3.036771118035460487e-04 6.988859224243465462e+01
3.217641750250735269e-04 7.388750292572512990e+01
3.409285069746814732e-04 7.811346651646462647e+01
3.612342699709430527e-04 8.257905288969972446e+01
3.827494478516315301e-04 8.729744340041683870e+01
4.055460735840827930e-04 9.228250077760408487e+01
4.297004704320843828e-04 9.754880137239169358e+01
4.552935074866947636e-04 1.031115921914429236e+02
4.824108704165373600e-04 1.089867909885130643e+02
5.111433483440165366e-04 1.151910871495319526e+02
5.415871378079476200e-04 1.217419723305743986e+02
5.738441648302393047e-04 1.286576378213764258e+02
6.080224261649426910e-04 1.359569547615117528e+02
6.442363508721370797e-04 1.436596170723457817e+02
6.826071834272392233e-04 1.517861624649442263e+02
7.232633896483533272e-04 1.603577653268997381e+02
7.663410868007461971e-04 1.693961836477961072e+02
8.119844993184008319e-04 1.789239608167467281e+02
8.603464416684509499e-04 1.889644264781202594e+02
9.115888299750818944e-04 1.995413980607747817e+02
9.658832241158708896e-04 2.106790986072741134e+02
1.023411402105453864e-03 2.224023774394487418e+02
1.084365968689610842e-03 2.347366664911583598e+02
1.148951000187309855e-03 2.477074019825605546e+02
1.217382727739662078e-03 2.613398693784806710e+02
1.289890261253309484e-03 2.756595504708516273e+02
1.366716356462007289e-03 2.906920426301570615e+02
1.448118227674534582e-03 3.064627462633324058e+02
1.534368408930013262e-03 3.229967245177243171e+02
1.625755666443795110e-03 3.403187361606035779e+02
1.722585965398787389e-03 3.584530458273577551e+02
1.825183494319044218e-03 3.774223187238789592e+02
1.933891750455232110e-03 3.972473631828376597e+02
2.049074689815848227e-03 4.179475970836997476e+02
2.171117945694505096e-03 4.395407503671406744e+02
2.300430119772919023e-03 4.620412609636508705e+02
2.437444150122221927e-03 4.854599570080627586e+02
2.582618760682677504e-03 5.098046691957716234e+02
2.736439997074671757e-03 5.350798215040504147e+02
2.899422853882878057e-03 5.612846697760022607e+02
3.072112998861759037e-03 5.884129652153807228e+02
3.255088599835059826e-03 6.164534880727014752e+02
3.448962260405759751e-03 6.453895127142843648e+02
3.654383070957258062e-03 6.751964120691534390e+02
3.872038781812556923e-03 7.058414053149023175e+02
4.102658105827194576e-03 7.372844076486685481e+02
4.347013158125026359e-03 7.694773676053011968e+02
4.605922041145108295e-03 8.023604225864690989e+02
4.880251583654433324e-03 8.358620271085985678e+02
5.170920242896760721e-03 8.699007792130678354e+02
5.478901179593945181e-03 9.043846247459881624e+02
5.805225516094901853e-03 9.392042243959775760e+02
6.150985788580504154e-03 9.742341410732428812e+02
6.517339604882426730e-03 1.009336743456551744e+03
6.905513520162331019e-03 1.044361397841607413e+03
7.316807143427199629e-03 1.079134126740850206e+03
7.752597488629464108e-03 1.113460949278814269e+03
8.214343584919429550e-03 1.147134968982815053e+03
8.703591361485166558e-03 1.179935640216602451e+03
9.221978823334331735e-03 1.211611942406256958e+03
9.771241535346501458e-03 1.241890250437636496e+03
1.035321843295662625e-02 1.270487236592148747e+03
1.096985797892384082e-02 1.297109261145643814e+03
1.162322468679852921e-02 1.321424208463110972e+03
1.231550603292826118e-02 1.343078526486687224e+03
1.304901978014402948e-02 1.361720386193934701e+03
1.382622173764656327e-02 1.377001949327538796e+03
1.464971398307286267e-02 1.388554835142716684e+03
1.552225357427047987e-02 1.396013140531249746e+03
1.644676177994664271e-02 1.399039730182262247e+03
1.742633386009650662e-02 1.397330849458553303e+03
1.846424942895544263e-02 1.390591103162476429e+03
1.956398343517064958e-02 1.378564154323968523e+03
2.072921779595372077e-02 1.361062748264174616e+03
2.196385372416546911e-02 1.337990081865340926e+03
2.327202478960409618e-02 1.309420935095754658e+03
2.465811075822603796e-02 1.275552699354764854e+03
2.612675225563329193e-02 1.236663219016543280e+03
2.768286630392066683e-02 1.193155242199668919e+03
2.933166278390045290e-02 1.145826481098891918e+03
3.107866187782013997e-02 1.095610152682498438e+03
3.292971255097151134e-02 1.043392396436370746e+03
3.489101213406773511e-02 9.900816291416064132e+02
3.696912707195028347e-02 9.370314396213120745e+02
3.917101490809260511e-02 8.855774424814100030e+02
4.150404757850476717e-02 8.367926038023942965e+02
4.397603609302721400e-02 7.915207250133057642e+02
4.659525668664682430e-02 7.504263708919340843e+02
4.937047852839003548e-02 7.139956407186061824e+02
5.231099308056263303e-02 6.821523481794096142e+02
5.542664520663106997e-02 6.542750430529973755e+02
5.872786613189483196e-02 6.292078807555450339e+02
6.222570836730231120e-02 6.053059574913444294e+02
6.593188271333548511e-02 5.805778818325242128e+02
6.985879746785249311e-02 5.530193885616459966e+02
7.401959996915644102e-02 5.210797194184088994e+02
7.842822061337681450e-02 4.841965834079392721e+02
8.309941949353395751e-02 4.432077537917237464e+02
8.804883581643464796e-02 4.004022045014687592e+02
9.329304026284686302e-02 3.590791629327201235e+02
9.884959046625586832e-02 3.226314684031095794e+02
1.047370897959450792e-01 2.934668030051462324e+02
1.109752496412072104e-01 2.721233586535792597e+02
1.175849554052158102e-01 2.568793256043994120e+02
1.245883364295008178e-01 2.440405476841529264e+02
1.320088400831419539e-01 2.292376943811003684e+02
1.398713102647238526e-01 2.097266353169501372e+02
1.482020705798860194e-01 1.863724476477743792e+02
1.570290124729377401e-01 1.633086038086785550e+02
1.663816886076130708e-01 1.450066929253965782e+02
1.762914118095947891e-01 1.329580069800771867e+02
1.867913599020784576e-01 1.245976234656439345e+02
1.979166867853557332e-01 1.153343050414437698e+02
2.097046401323234832e-01 1.028736970478337724e+02
2.221946860939523760e-01 8.985925260489658228e+01
2.354286414322420140e-01 7.994434036668658905e+01
2.494508135230316670e-01 7.336120276653458916e+01
2.643081486974108163e-01 6.698896832050027683e+01
2.800503894183630771e-01 5.923546468701025702e+01
2.967302408188872698e-01 5.215707180340912430e+01
3.144035471591500319e-01 4.708297465599828513e+01
3.331294787934677148e-01 4.239657295334978926e+01
3.529707302730650254e-01 3.739458393880794773e+01
3.739937302478801850e-01 3.324677408620966190e+01
3.962688638701478139e-01 2.975452004808626683e+01
4.198707084443914495e-01 2.630595102605066415e+01
4.448782831127585102e-01 2.333342406129235869e+01
4.713753134116728805e-01 2.071693720270134875e+01
4.994505115855140120e-01 1.829627459239010534e+01
5.291978735958446922e-01 1.620120093597332556e+01
5.607169938205458504e-01 1.429993632747352272e+01
5.941133984965040193e-01 1.262459120612434660e+01
6.294988990221888070e-01 1.112712553700354334e+01
6.669919663030128287e-01 9.802958020330173383e+00
7.067181273927490848e-01 8.625925160808222358e+00
7.488103857590030499e-01 7.585231409454610940e+00
7.934096665797492065e-01 6.664318674028541167e+00
8.406652885618334237e-01 5.850294890145402604e+00
8.907354638610439634e-01 5.131739945763768240e+00
9.437878277775391123e-01 4.497449708248164590e+00
1.000000000000000000e+00 3.938356208169451644e+00
