1.000000000000000082e-05 2.597424127042991859e+00
1.059560179277617057e-05 2.746559982674675382e+00
1.122667773510813544e-05 2.904258131743549409e+00
1.189534067370320835e-05 3.071010733294136763e+00
1.260382929679727389e-05 3.247337621356780613e+00
1.335451562929900141e-05 3.433788470260710213e+00
1.414991297434575937e-05 3.630944514665009670e+00
1.499268432786047117e-05 3.839420375049425793e+00
1.588565129428052877e-05 4.059865960367498694e+00
1.683180353330958413e-05 4.292968490880086030e+00
1.783430876931909215e-05 4.539454632327919903e+00
1.889652339691211472e-05 4.800092746778785724e+00
2.002200371815584479e-05 5.075695299393267135e+00
2.121451784910631934e-05 5.367121392171259942e+00
2.247805833548725246e-05 5.675279433769287785e+00
2.381685551976160786e-05 6.001129958398109032e+00
2.523539170434765982e-05 6.345688628147080124e+00
2.673841615839949297e-05 6.710029398074757623e+00
2.833096101839323942e-05 7.095287843778455006e+00
3.001835813575592089e-05 7.502664671554250653e+00
3.180625692794118915e-05 7.933429482126293841e+00
3.370064329271931777e-05 8.388924726519281450e+00
3.570785964900462521e-05 8.870569848915073052e+00
3.783462617131932846e-05 9.379865654267625530e+00
4.008806328898464845e-05 9.918399027530906409e+00
4.247571552536902605e-05 1.048784787559526066e+01
4.500557675700497562e-05 1.108998627227540190e+01
4.768611697714474431e-05 1.172668988037767157e+01
5.052631065335679548e-05 1.239994187759054078e+01
5.353566677410729675e-05 1.311183912687430109e+01
5.672426068491977794e-05 1.386459853726263525e+01
6.010276782070387642e-05 1.466056376834165142e+01
6.368249944718585675e-05 1.550221269143816194e+01
6.747544053110699554e-05 1.639216508712648590e+01
7.149428986597576249e-05 1.733319045302943806e+01
7.575250258771920673e-05 1.832821624707211683e+01
8.026433522257173624e-05 1.938033731698017093e+01
8.504489341802686365e-05 2.049282548830563755e+01
9.011018251665017960e-05 2.166913902716526508e+01
9.547716114208065730e-05 2.291293268063261479e+01
1.011637979766207013e-04 2.422806966929905315e+01
1.071891319205128638e-04 2.561863360058838879e+01
1.135733358343105206e-04 2.708893970823044484e+01
1.203377840777590556e-04 2.864354692291788851e+01
1.275051240713012809e-04 3.028727324381831565e+01
1.350993521198027864e-04 3.202521047762557060e+01
1.431458937523478591e-04 3.386273708452251441e+01
1.516716888470924095e-04 3.580553236469546619e+01
1.607052818261638333e-04 3.785959642217534338e+01
1.702769172225901374e-04 4.003126827254804709e+01
1.804186409392071779e-04 4.232723951416141261e+01
1.911644075385703697e-04 4.475457042778743499e+01
2.025501939230666413e-04 4.732071633171550218e+01
2.146141197858405776e-04 5.003354956267939713e+01
2.273965752357927448e-04 5.290137184289426386e+01
2.409403560239526765e-04 5.593293146132919702e+01
2.552908068239516468e-04 5.913745884185478019e+01
2.704959730463137079e-04 6.252469268984127382e+01
2.866067616948250111e-04 6.610488633084337096e+01
3.036771118035460487e-04 6.988882404025949313e+01
3.217641750250735269e-04 7.388787024204522424e+01
3.409285069746814732e-04 7.811399953373005189e+01
3.612342699709430527e-04 8.257978755539710392e+01
3.827494478516315301e-04 8.729842273750485049e+01
4.055460735840827930e-04 9.228377595132191402e+01
4.297004704320843828e-04 9.755043285382136276e+01
4.552935074866947636e-04 1.031136516192441093e+02
4.824108704165373600e-04 1.089893635989004963e+02
5.111433483440165366e-04 1.151942737777133061e+02
5.415871378079476200e-04 1.217458915909806620e+02
5.738441648302393047e-04 1.286624293192562334e+02
6.080224261649426910e-04 1.359627831554754778e+02
6.442363508721370797e-04 1.436666756014421651e+02
6.826071834272392233e-04 1.517946768194563276e+02
7.232633896483533272e-04 1.603679997071667742e+02
7.663410868007461971e-04 1.694084483012585167e+02
8.119844993184008319e-04 1.789386183638580405e+02
8.603464416684509499e-04 1.889818985918954297e+02
9.115888299750818944e-04 1.995621700738299467e+02
9.658832241158708896e-04 2.107037246897543525e+02
1.023411402105453864e-03 2.224314882815860983e+02
1.084365968689610842e-03 2.347709780898123881e+02
1.148951000187309855e-03 2.477477348123918262e+02
1.217382727739662078e-03 2.613871712799353872e+02
1.289890261253309484e-03 2.757149126328733360e+02
1.366716356462007289e-03 2.907567135418268549e+02
1.448118227674534582e-03 3.065380914625838500e+02
1.534368408930013262e-03 3.230841797224201173e+02
1.625755666443795110e-03 3.404198004736273333e+02
1.722585965398787389e-03 3.585692730773083099e+02
1.825183494319044218e-03 3.775552771286492089e+02
1.933891750455232110e-03 3.973985918025788919e+02
2.049074689815848227e-03 4.181185794152488029e+02
2.171117945694505096e-03 4.397328746819894150e+02
2.300430119772919023e-03 4.622556193077671196e+02
2.437444150122221927e-03 4.856971359830208144e+02
2.582618760682677504e-03 5.100646380001127795e+02
2.736439997074671757e-03 5.353618031277130740e+02
2.899422853882878057e-03 5.615868684121605838e+02
3.072112998861759037e-03 5.887322878246428672e+02
3.255088599835059826e-03 6.167853394113536751e+02
3.448962260405759751e-03 6.457275919427421513e+02
3.654383070957258062e-03 6.755326680157610326e+02
3.872038781812556923e-03 7.061659718558566965e+02
4.102658105827194576e-03 7.375854235238580259e+02
4.347013158125026359e-03 7.697408300896802302e+02
4.605922041145108295e-03 8.025705162054127868e+02
4.880251583654433324e-03 8.360013986888700401e+02
5.170920242896760721e-03 8.699505302035291834e+02
5.478901179593945181e-03 9.043243613713863169e+02
5.805225516094901853e-03 9.390126686364429816e+02
6.150985788580504154e-03 9.738896694756460874e+02
6.517339604882426730e-03 1.008817622525113279e+03
6.905513520162331019e-03 1.043646031527848208e+03
7.316807143427199629e-03 1.078201275730291627e+03
7.752597488629464108e-03 1.112290011775694211e+03
8.214343584919429550e-03 1.145706309599002225e+03
8.703591361485166558e-03 1.178230894572452598e+03
9.221978823334331735e-03 1.209613984744287336e+03
9.771241535346501458e-03 1.239583332537962406e+03
1.035321843295662625e-02 1.267857331653637402e+03
1.096985797892384082e-02 1.294144458396471009e+03
1.162322468679852921e-02 1.318115565357414425e+03
1.231550603292826118e-02 1.339420796746440374e+03
1.304901978014402948e-02 1.357712444506122210e+03
1.382622173764656327e-02 1.372646865332937750e+03
1.464971398307286267e-02 1.383857628433966966e+03
1.552225357427047987e-02 1.390979702460991120e+03
1.644676177994664271e-02 1.393677019322631622e+03
1.742633386009650662e-02 1.391648930981732292e+03
1.846424942895544263e-02 1.384618177364032817e+03
1.956398343517064958e-02 1.372353479033975873e+03
2.072921779595372077e-02 1.354691402907470547e+03
2.196385372416546911e-02 1.331554580947757358e+03
2.327202478960409618e-02 1.303017941949169199e+03
2.465811075822603796e-02 1.269269450572822279e+03
2.612675225563329193e-02 1.230576195417453619e+03
2.768286630392066683e-02 1.187330852459923335e+03
2.933166278390045290e-02 1.140330762154157128e+03
3.107866187782013997e-02 1.090510732301488815e+03
3.292971255097151134e-02 1.038755837368900302e+03
3.489101213406773511e-02 9.859680117217690167e+02
3.696912707195028347e-02 9.334727434753798434e+02
3.917101490809260511e-02 8.825739972155622581e+02
4.150404757850476717e-02 8.343201934698633977e+02
4.397603609302721400e-02 7.895329079024951398e+02
4.659525668664682430e-02 7.488484938987796795e+02
4.937047852839003548e-02 7.127283018131506651e+02
5.231099308056263303e-02 6.810724558945028093e+02
5.542664520663106997e-02 6.532504369153508605e+02
5.872786613189483196e-02 6.281019202412263667e+02
6.222570836730231120e-02 6.039956518796461751e+02
6.593188271333548511e-02 5.789784797961472123e+02
6.985879746785249311e-02 5.511046859405128089e+02
7.401959996915644102e-02 5.189038445569710802e+02
7.842822061337681450e-02 4.818988025105165320e+02
8.309941949353395751e-02 4.409904169417711159e+02
8.804883581643464796e-02 3.984869757030613187e+02
9.329304026284686302e-02 3.576428901216320355e+02
9.884959046625586832e-02 3.217534420348060280e+02
1.047370897959450792e-01 2.930913214439729586e+02
1.109752496412072104e-01 2.720692629485043881e+02
1.175849554052158102e-01 2.568779332034918639e+02
1.245883364295008178e-01 2.438233683416586643e+02
1.320088400831419539e-01 2.286610318672736923e+02
1.398713102647238526e-01 2.088736694515889383e+02
1.482020705798860194e-01 1.855224151331493090e+02
1.570290124729377401e-01 1.627492462336909682e+02
1.663816886076130708e-01 1.448323497456595419e+02
1.762914118095947891e-01 1.330061907254400921e+02
1.867913599020784576e-01 1.245714219495507251e+02
1.979166867853557332e-01 1.150598008563266177e+02
2.097046401323234832e-01 1.024840503371097356e+02
2.221946860939523760e-01 8.961734493199558926e+01
2.354286414322420140e-01 7.991085412175540625e+01
2.494508135230316670e-01 7.335088999668961662e+01
2.643081486974108163e-01 6.685023967371989784e+01
2.800503894183630771e-01 5.907016908285613255e+01
2.967302408188872698e-01 5.210223589820289902e+01
3.144035471591500319e-01 4.706124598699292250e+01
3.331294787934677148e-01 4.231726910742189318e+01
3.529707302730650254e-01 3.733030487467627268e+01
3.739937302478801850e-01 3.322421100584634956e+01
3.962688638701478139e-01 2.971375424091405648e+01
4.198707084443914495e-01 2.627000429545439530e+01
4.448782831127585102e-01 2.331297165497653623e+01
4.713753134116728805e-01 2.069059305868636045e+01
4.994505115855140120e-01 1.827819787695363019e+01
5.291978735958446922e-01 1.618427072020310931e+01
5.607169938205458504e-01 1.428572243690488186e+01
5.941133984965040193e-01 1.261254052960106797e+01
6.294988990221888070e-01 1.111678738445272430e+01
6.669919663030128287e-01 9.794143397270987705e+00
7.067181273927490848e-01 8.618455347546390755e+00
7.488103857590030499e-01 7.578874845730610765e+00
7.934096665797492065e-01 6.658912318891158755e+00
8.406652885618334237e-01 5.845727046146517836e+00
8.907354638610439634e-01 5.127848627653710523e+00
9.437878277775391123e-01 4.494124532521726501e+00
1.000000000000000000e+00 3.935538004673790446e+00
