1.000000000000000082e-05 8.066015400025188242e+00
1.059560179277617057e-05 8.529140381805715876e+00
1.122667773510813544e-05 9.018854323426355180e+00
1.189534067370320835e-05 9.536685821199538893e+00
1.260382929679727389e-05 1.008424914541567396e+01
1.335451562929900141e-05 1.066325122894774680e+01
1.414991297434575937e-05 1.127549700767314711e+01
1.499268432786047117e-05 1.192289508784228858e+01
1.588565129428052877e-05 1.260746365486821041e+01
1.683180353330958413e-05 1.333133675456197587e+01
1.783430876931909215e-05 1.409677092481611282e+01
1.889652339691211472e-05 1.490615219357522392e+01
2.002200371815584479e-05 1.576200354418490335e+01
2.121451784910631934e-05 1.666699278166128195e+01
2.247805833548725246e-05 1.762394080855592904e+01
2.381685551976160786e-05 1.863583035391707554e+01
2.523539170434765982e-05 1.970581531800819519e+01
2.673841615839949297e-05 2.083723060308321351e+01
2.833096101839323942e-05 2.203360244467964435e+01
3.001835813575592089e-05 2.329865930989710776e+01
3.180625692794118915e-05 2.463634358145849390e+01
3.370064329271931777e-05 2.605082383862556483e+01
3.570785964900462521e-05 2.754650770550704308e+01
3.783462617131932846e-05 2.912805539147882072e+01
4.008806328898464845e-05 3.080039435958470406e+01
4.247571552536902605e-05 3.256873466930590411e+01
4.500557675700497562e-05 3.443858491036209557e+01
4.768611697714474431e-05 3.641576898534817985e+01
5.052631065335679548e-05 3.850644455047451942e+01
5.353566677410729675e-05 4.071712217004915146e+01
5.672426068491977794e-05 4.305468500205004290e+01
6.010276782070387642e-05 4.552640953942491819e+01
6.368249944718585675e-05 4.813998882670109936e+01
6.747544053110699554e-05 5.090355634536658869e+01
7.149428986597576249e-05 5.382571008913301824e+01
7.575250258771920673e-05 5.691553797583680563e+01
8.026433522257173624e-05 6.018264726593476155e+01
8.504489341802686365e-05 6.363719430305871327e+01
9.011018251665017960e-05 6.728991360208316053e+01
9.547716114208065730e-05 7.115214872675329616e+01
1.011637979766207013e-04 7.523588973454498330e+01
1.071891319205128638e-04 7.955381009477331133e+01
1.135733358343105206e-04 8.411930097272930595e+01
1.203377840777590556e-04 8.894650813306914472e+01
1.275051240713012809e-04 9.405038009421409129e+01
1.350993521198027864e-04 9.944671374270647846e+01
1.431458937523478591e-04 1.051521930176751738e+02
1.516716888470924095e-04 1.111844319172857354e+02
1.607052818261638333e-04 1.175620372671982210e+02
1.702769172225901374e-04 1.243046646330720080e+02
1.804186409392071779e-04 1.314330584966662059e+02
1.911644075385703697e-04 1.389691004210867504e+02
2.025501939230666413e-04 1.469358922472308393e+02
2.146141197858405776e-04 1.553578237159769060e+02
2.273965752357927448e-04 1.642606067877173928e+02
2.409403560239526765e-04 1.736713259510890737e+02
2.552908068239516468e-04 1.836185508631809000e+02
2.704959730463137079e-04 1.941324163174706712e+02
2.866067616948250111e-04 2.052446352319902871e+02
3.036771118035460487e-04 2.169885446748482707e+02
3.217641750250735269e-04 2.293992616540052154e+02
3.409285069746814732e-04 2.425137741335608155e+02
3.612342699709430527e-04 2.563709038345378417e+02
3.827494478516315301e-04 2.710113366274258624e+02
4.055460735840827930e-04 2.864778411380031002e+02
4.297004704320843828e-04 3.028153655755247655e+02
4.552935074866947636e-04 3.200709012756851735e+02
4.824108704165373600e-04 3.382934796625649483e+02
5.111433483440165366e-04 3.575344797756910680e+02
5.415871378079476200e-04 3.778477192893747656e+02
5.738441648302393047e-04 3.992891592219014001e+02
6.080224261649426910e-04 4.219168487778298413e+02
6.442363508721370797e-04 4.457913388863347564e+02
6.826071834272392233e-04 4.709757453990746967e+02
7.232633896483533272e-04 4.975352051986927222e+02
7.663410868007461971e-04 5.255367417987274621e+02
8.119844993184008319e-04 5.550498043707102624e+02
8.603464416684509499e-04 5.861462771475073623e+02
9.115888299750818944e-04 6.188997745621463764e+02
9.658832241158708896e-04 6.533854494809910420e+02
1.023411402105453864e-03 6.896805156919954243e+02
1.084365968689610842e-03 7.278641304404319499e+02
1.148951000187309855e-03 7.680157887921153588e+02
1.217382727739662078e-03 8.102149038599246751e+02
1.289890261253309484e-03 8.545417848517225821e+02
1.366716356462007289e-03 9.010773873677351276e+02
1.448118227674534582e-03 9.499018195545204435e+02
1.534368408930013262e-03 1.001093864863970566e+03
1.625755666443795110e-03 1.054731521379078231e+03
1.722585965398787389e-03 1.110891369051672882e+03
1.825183494319044218e-03 1.169643861041266518e+03
1.933891750455232110e-03 1.231052423263747414e+03
2.049074689815848227e-03 1.295175788879356332e+03
2.171117945694505096e-03 1.362067088310041754e+03
2.300430119772919023e-03 1.431769260263853766e+03
2.437444150122221927e-03 1.504314040983489576e+03
2.582618760682677504e-03 1.579723525281776801e+03
2.736439997074671757e-03 1.658008825056934256e+03
2.899422853882878057e-03 1.739164176071494467e+03
3.072112998861759037e-03 1.823165874770777009e+03
3.255088599835059826e-03 1.909974148821406743e+03
3.448962260405759751e-03 1.999531483739186115e+03
3.654383070957258062e-03 2.091755448683546547e+03
3.872038781812556923e-03 2.186537870438507980e+03
4.102658105827194576e-03 2.283747257295281088e+03
4.347013158125026359e-03 2.383226847883920527e+03
4.605922041145108295e-03 2.484784155780364927e+03
4.880251583654433324e-03 2.588191201963446929e+03
5.170920242896760721e-03 2.693189306584476981e+03
5.478901179593945181e-03 2.799486984181591197e+03
5.805225516094901853e-03 2.906743117775231440e+03
6.150985788580504154e-03 3.014570034627896803e+03
6.517339604882426730e-03 3.122543488606630035e+03
6.905513520162331019e-03 3.230199835848189650e+03
7.316807143427199629e-03 3.337000316376639603e+03
7.752597488629464108e-03 3.442342559319448355e+03
8.214343584919429550e-03 3.545584829780068503e+03
8.703591361485166558e-03 3.646043680398432116e+03
9.221978823334331735e-03 3.742940170386390491e+03
9.771241535346501458e-03 3.835425095060761123e+03
1.035321843295662625e-02 3.922620091141322973e+03
1.096985797892384082e-02 4.003616209196278760e+03
1.162322468679852921e-02 4.077389639032910964e+03
1.231550603292826118e-02 4.142853761347282671e+03
1.304901978014402948e-02 4.198929362727974876e+03
1.382622173764656327e-02 4.244550466141658035e+03
1.464971398307286267e-02 4.278579125140541692e+03
1.552225357427047987e-02 4.299881770835019779e+03
1.644676177994664271e-02 4.307416181931322171e+03
1.742633386009650662e-02 4.300250777628651122e+03
1.846424942895544263e-02 4.277520291333060413e+03
1.956398343517064958e-02 4.238500760741582781e+03
2.072921779595372077e-02 4.182682120269266306e+03
2.196385372416546911e-02 4.109826426138009992e+03
2.327202478960409618e-02 4.020180527567932131e+03
2.465811075822603796e-02 3.914348959229848333e+03
2.612675225563329193e-02 3.793184322198750124e+03
2.768286630392066683e-02 3.657928825075370696e+03
2.933166278390045290e-02 3.511067050814243885e+03
3.107866187782013997e-02 3.355504194927395474e+03
3.292971255097151134e-02 3.193991089542207192e+03
3.489101213406773511e-02 3.029336043221893306e+03
3.696912707195028347e-02 2.865692981221280206e+03
3.917101490809260511e-02 2.707146069758928661e+03
4.150404757850476717e-02 2.556967379206623718e+03
4.397603609302721400e-02 2.417721848235853486e+03
4.659525668664682430e-02 2.291421569529386488e+03
4.937047852839003548e-02 2.179529953658709019e+03
5.231099308056263303e-02 2.081781745415503337e+03
5.542664520663106997e-02 1.996247506684308746e+03
5.872786613189483196e-02 1.919353569679118664e+03
6.222570836730231120e-02 1.846044740963481217e+03
6.593188271333548511e-02 1.770224956722484194e+03
6.985879746785249311e-02 1.685753264342947887e+03
7.401959996915644102e-02 1.587906697293706884e+03
7.842822061337681450e-02 1.474995215007732213e+03
8.309941949353395751e-02 1.349620102583392963e+03
8.804883581643464796e-02 1.218809557952602972e+03
9.329304026284686302e-02 1.092660633883989249e+03
9.884959046625586832e-02 9.815233821514401598e+02
1.047370897959450792e-01 8.927056751285962264e+02
1.109752496412072104e-01 8.277905463708317484e+02
1.175849554052158102e-01 7.814538332125981697e+02
1.245883364295008178e-01 7.423745666418723204e+02
1.320088400831419539e-01 6.972120496527397790e+02
1.398713102647238526e-01 6.376510526035225439e+02
1.482020705798860194e-01 5.664246627028868488e+02
1.570290124729377401e-01 4.961990635539515324e+02
1.663816886076130708e-01 4.405899010167425445e+02
1.762914118095947891e-01 4.040512556118673047e+02
1.867913599020784576e-01 3.786755405706625766e+02
1.979166867853557332e-01 3.504456513316500263e+02
2.097046401323234832e-01 3.124617790214495585e+02
2.221946860939523760e-01 2.728770479671882185e+02
2.354286414322420140e-01 2.427983338858053344e+02
2.494508135230316670e-01 2.228361357761297938e+02
2.643081486974108163e-01 2.034413447570249787e+02
2.800503894183630771e-01 1.798387977941303575e+02
2.967302408188872698e-01 1.583518690879841415e+02
3.144035471591500319e-01 1.429625983327730978e+02
3.331294787934677148e-01 1.287103083307230520e+02
3.529707302730650254e-01 1.135073199631080882e+02
3.739937302478801850e-01 1.009242156002946587e+02
3.962688638701478139e-01 9.031572563136218434e+01
4.198707084443914495e-01 7.983910047822688227e+01
4.448782831127585102e-01 7.081830983686751324e+01
4.713753134116728805e-01 6.287183626521186852e+01
4.994505115855140120e-01 5.552327997242010582e+01
5.291978735958446922e-01 4.916352610092047826e+01
5.607169938205458504e-01 4.339170257582924251e+01
5.941133984965040193e-01 3.830675323257581510e+01
6.294988990221888070e-01 3.376144869051079667e+01
6.669919663030128287e-01 2.974259247653666094e+01
7.067181273927490848e-01 2.617041527412834867e+01
7.488103857590030499e-01 2.301224163629343522e+01
7.934096665797492065e-01 2.021765487448576692e+01
8.406652885618334237e-01 1.774752025481363660e+01
8.907354638610439634e-01 1.556715154269479484e+01
9.437878277775391123e-01 1.364256632296190297e+01
1.000000000000000000e+00 1.194624967087228917e+01
