1.000000000000000082e-05 6.144975678547580422e+00
1.059560179277617057e-05 6.505060029588152659e+00
1.122667773510813544e-05 6.886242981962558574e+00
1.189534067370320835e-05 7.289762356394215104e+00
1.260382929679727389e-05 7.716926910824392749e+00
1.335451562929900141e-05 8.169122075484024137e+00
1.414991297434575937e-05 8.647814461030467470e+00
1.499268432786047117e-05 9.154556646538047460e+00
1.588565129428052877e-05 9.690992183674939753e+00
1.683180353330958413e-05 1.025886091946325607e+01
1.783430876931909215e-05 1.086000462303963232e+01
1.889652339691211472e-05 1.149637293087473466e+01
2.002200371815584479e-05 1.217002969085280029e+01
2.121451784910631934e-05 1.288315965680948594e+01
2.247805833548725246e-05 1.363807554282050027e+01
2.381685551976160786e-05 1.443722547358466457e+01
2.523539170434765982e-05 1.528320095997467654e+01
2.673841615839949297e-05 1.617874530296939284e+01
2.833096101839323942e-05 1.712676244035584361e+01
3.001835813575592089e-05 1.813032629117321548e+01
3.180625692794118915e-05 1.919269077201889928e+01
3.370064329271931777e-05 2.031730034288575482e+01
3.570785964900462521e-05 2.150780106341512621e+01
3.783462617131932846e-05 2.276805226077602384e+01
4.008806328898464845e-05 2.410213915475248569e+01
4.247571552536902605e-05 2.551438609186817175e+01
4.500557675700497562e-05 2.700937032763151535e+01
4.768611697714474431e-05 2.859193656326709032e+01
5.052631065335679548e-05 3.026721287859275478e+01
5.353566677410729675e-05 3.204062732846587380e+01
5.672426068491977794e-05 3.391792506369346683e+01
6.010276782070387642e-05 3.590518639384964672e+01
6.368249944718585675e-05 3.800884691976177265e+01
6.747544053110699554e-05 4.023571832344924815e+01
7.149428986597576249e-05 4.259300944119312504e+01
7.575250258771920673e-05 4.508834852988123743e+01
8.026433522257173624e-05 4.772980885292048470e+01
8.504489341802686365e-05 5.052593468570844237e+01
9.011018251665017960e-05 5.348576696867067426e+01
9.547716114208065730e-05 5.661887054769047722e+01
1.011637979766207013e-04 5.993536681974561731e+01
1.071891319205128638e-04 6.344596616771918463e+01
1.135733358343105206e-04 6.716199849947261669e+01
1.203377840777590556e-04 7.109544607446352416e+01
1.275051240713012809e-04 7.525898554214616354e+01
1.350993521198027864e-04 7.966602821545242819e+01
1.431458937523478591e-04 8.433075504387819876e+01
1.516716888470924095e-04 8.926815527764568969e+01
1.607052818261638333e-04 9.449408126131818619e+01
1.702769172225901374e-04 1.000252980631265700e+02
1.804186409392071779e-04 1.058795207443314155e+02
1.911644075385703697e-04 1.120754583048248634e+02
2.025501939230666413e-04 1.186328861894218676e+02
2.146141197858405776e-04 1.255727066736881170e+02
2.273965752357927448e-04 1.329169826871333271e+02
2.409403560239526765e-04 1.406889847952267303e+02
2.552908068239516468e-04 1.489132890255552866e+02
2.704959730463137079e-04 1.576158488011562895e+02
2.866067616948250111e-04 1.668240128906919892e+02
3.036771118035460487e-04 1.765665703367909600e+02
3.217641750250735269e-04 1.868738850766118844e+02
3.409285069746814732e-04 1.977779786136723033e+02
3.612342699709430527e-04 2.093125085343600915e+02
3.827494478516315301e-04 2.215128020967827354e+02
4.055460735840827930e-04 2.344160440241823835e+02
4.297004704320843828e-04 2.480613657686004956e+02
4.552935074866947636e-04 2.624897440221729994e+02
4.824108704165373600e-04 2.777440080516773264e+02
5.111433483440165366e-04 2.938691023122466390e+02
5.415871378079476200e-04 3.109121726343973933e+02
5.738441648302393047e-04 3.289223347197477665e+02
6.080224261649426910e-04 3.479506390803226168e+02
6.442363508721370797e-04 3.680504226680643001e+02
6.826071834272392233e-04 3.892773732582704156e+02
7.232633896483533272e-04 4.116890918827331802e+02
7.663410868007461971e-04 4.353449915023891208e+02
8.119844993184008319e-04 4.603067534444144826e+02
8.603464416684509499e-04 4.866383471551304751e+02
9.115888299750818944e-04 5.144054563755529443e+02
9.658832241158708896e-04 5.436753283698583346e+02
1.023411402105453864e-03 5.745172171011664659e+02
1.084365968689610842e-03 6.070022956621352250e+02
1.148951000187309855e-03 6.412023256348467157e+02
1.217382727739662078e-03 6.771893086587417656e+02
1.289890261253309484e-03 7.150363052784171032e+02
1.366716356462007289e-03 7.548172308120117577e+02
1.448118227674534582e-03 7.966056064712516900e+02
1.534368408930013262e-03 8.404741555925979810e+02
1.625755666443795110e-03 8.864952515892749716e+02
1.722585965398787389e-03 9.347403826896667169e+02
1.825183494319044218e-03 9.852761796699408023e+02
1.933891750455232110e-03 1.038163628494485010e+03
2.049074689815848227e-03 1.093460008888543825e+03
2.171117945694505096e-03 1.151218103788773760e+03
2.300430119772919023e-03 1.211482290609598749e+03
2.437444150122221927e-03 1.274287637467863533e+03
2.582618760682677504e-03 1.339661174473996425e+03
2.736439997074671757e-03 1.407620709531099010e+03
2.899422853882878057e-03 1.478169767685069019e+03
3.072112998861759037e-03 1.551296606512732296e+03
3.255088599835059826e-03 1.626975724212270052e+03
3.448962260405759751e-03 1.705166355901948236e+03
3.654383070957258062e-03 1.785806263838732775e+03
3.872038781812556923e-03 1.868810912024503978e+03
4.102658105827194576e-03 1.954075416440270146e+03
4.347013158125026359e-03 2.041472761099073978e+03
4.605922041145108295e-03 2.130844709659642831e+03
4.880251583654433324e-03 2.222001832213000853e+03
5.170920242896760721e-03 2.314727451442342044e+03
5.478901179593945181e-03 2.408775681779145543e+03
5.805225516094901853e-03 2.503856775207783357e+03
6.150985788580504154e-03 2.599639531746242028e+03
6.517339604882426730e-03 2.695759689519434687e+03
6.905513520162331019e-03 2.791817303188578535e+03
7.316807143427199629e-03 2.887345643782416573e+03
7.752597488629464108e-03 2.981820796669353967e+03
8.214343584919429550e-03 3.074682374495389013e+03
8.703591361485166558e-03 3.165331281168263104e+03
9.221978823334331735e-03 3.253082760229464839e+03
9.771241535346501458e-03 3.337187875923003958e+03
1.035321843295662625e-02 3.416868968714793027e+03
1.096985797892384082e-02 3.491318259261513958e+03
1.162322468679852921e-02 3.559624116780189524e+03
1.231550603292826118e-02 3.620815981613794065e+03
1.304901978014402948e-02 3.673925483183902088e+03
1.382622173764656327e-02 3.717991571429607575e+03
1.464971398307286267e-02 3.751985850739831221e+03
1.552225357427047987e-02 3.774879240880565249e+03
1.644676177994664271e-02 3.785718422439536880e+03
1.742633386009650662e-02 3.783643247890102430e+03
1.846424942895544263e-02 3.767848229042916046e+03
1.956398343517064958e-02 3.737648981657362583e+03
2.072921779595372077e-02 3.692546997704117530e+03
2.196385372416546911e-02 3.632282151606230855e+03
2.327202478960409618e-02 3.557022207566133602e+03
2.465811075822603796e-02 3.467252623462349675e+03
2.612675225563329193e-02 3.363681116332761121e+03
2.768286630392066683e-02 3.247364552260960409e+03
2.933166278390045290e-02 3.120468786142496356e+03
3.107866187782013997e-02 2.985543684537040008e+03
3.292971255097151134e-02 2.845013089940212467e+03
3.489101213406773511e-02 2.701362989681608269e+03
3.696912707195028347e-02 2.558291794917518018e+03
3.917101490809260511e-02 2.419452121292717038e+03
4.150404757850476717e-02 2.287786298556520251e+03
4.397603609302721400e-02 2.165616376428994499e+03
4.659525668664682430e-02 2.054778975162412280e+03
4.937047852839003548e-02 1.956626283073233481e+03
5.231099308056263303e-02 1.870962839208668129e+03
5.542664520663106997e-02 1.796094888964230449e+03
5.872786613189483196e-02 1.728839989897691567e+03
6.222570836730231120e-02 1.664665435079108647e+03
6.593188271333548511e-02 1.598078553892091350e+03
6.985879746785249311e-02 1.523521537705829587e+03
7.401959996915644102e-02 1.436694713945477361e+03
7.842822061337681450e-02 1.336026429409911998e+03
8.309941949353395751e-02 1.223829453798653503e+03
8.804883581643464796e-02 1.106445784814083481e+03
9.329304026284686302e-02 9.930348923810560109e+02
9.884959046625586832e-02 8.930274047614428810e+02
1.047370897959450792e-01 8.131250804103973451e+02
1.109752496412072104e-01 7.548392042037298779e+02
1.175849554052158102e-01 7.133821464994412054e+02
1.245883364295008178e-01 6.784641738864092986e+02
1.320088400831419539e-01 6.379015301535471281e+02
1.398713102647238526e-01 5.840590600849169505e+02
1.482020705798860194e-01 5.193985867614409244e+02
1.570290124729377401e-01 4.555116343059424366e+02
1.663816886076130708e-01 4.049141897607173632e+02
1.762914118095947891e-01 3.717490295497353259e+02
1.867913599020784576e-01 3.487912339718129147e+02
1.979166867853557332e-01 3.231498117230934213e+02
2.097046401323234832e-01 2.884463566376932704e+02
2.221946860939523760e-01 2.521854867861660239e+02
2.354286414322420140e-01 2.246382504850230077e+02
2.494508135230316670e-01 2.063994564360695847e+02
2.643081486974108163e-01 1.886457706723389833e+02
2.800503894183630771e-01 1.669460586411803433e+02
2.967302408188872698e-01 1.471637677390462215e+02
3.144035471591500319e-01 1.330102353285734296e+02
3.331294787934677148e-01 1.198839059522513821e+02
3.529707302730650254e-01 1.058415881631482875e+02
3.739937302478801850e-01 9.421342354597089752e+01
3.962688638701478139e-01 8.440451973453616574e+01
4.198707084443914495e-01 7.469695312211446492e+01
4.448782831127585102e-01 6.633118169156077215e+01
4.713753134116728805e-01 5.895399579406767288e+01
4.994505115855140120e-01 5.212152806959598905e+01
5.291978735958446922e-01 4.620297859316379174e+01
5.607169938205458504e-01 4.082428303177535867e+01
5.941133984965040193e-01 3.608046648280873114e+01
6.294988990221888070e-01 3.183484929273340924e+01
6.669919663030128287e-01 2.807666173477327831e+01
7.067181273927490848e-01 2.473216799649306097e+01
7.488103857590030499e-01 2.177185453384185010e+01
7.934096665797492065e-01 1.914926907324917593e+01
8.406652885618334237e-01 1.682844656570839703e+01
8.907354638610439634e-01 1.477748153698516198e+01
9.437878277775391123e-01 1.296499252206197816e+01
1.000000000000000000e+00 1.136560892574087589e+01
