1.000000000000000082e-05 3.212829335077424986e+01
1.059560179277617057e-05 3.397299781153934362e+01
1.122667773510813544e-05 3.592360991135969783e+01
1.189534067370320835e-05 3.798621870656612742e+01
1.260382929679727389e-05 4.016725391473912765e+01
1.335451562929900141e-05 4.247351430457306520e+01
1.414991297434575937e-05 4.491218904819778857e+01
1.499268432786047117e-05 4.749088045809808989e+01
1.588565129428052877e-05 5.021762737721881820e+01
1.683180353330958413e-05 5.310093017045182506e+01
1.783430876931909215e-05 5.614977694500732497e+01
1.889652339691211472e-05 5.937367106782757276e+01
2.002200371815584479e-05 6.278266121740129790e+01
2.121451784910631934e-05 6.638737276330616055e+01
2.247805833548725246e-05 7.019904100294115779e+01
2.381685551976160786e-05 7.422954639856405379e+01
2.523539170434765982e-05 7.849145133391787965e+01
2.673841615839949297e-05 8.299803919236839533e+01
2.833096101839323942e-05 8.776335516808335058e+01
3.001835813575592089e-05 9.280224914822692028e+01
3.180625692794118915e-05 9.813042276166501665e+01
3.370064329271931777e-05 1.037644783564053199e+02
3.570785964900462521e-05 1.097219702496937970e+02
3.783462617131932846e-05 1.160214587756726417e+02
4.008806328898464845e-05 1.226825685253066638e+02
4.247571552536902605e-05 1.297260493995924833e+02
4.500557675700497562e-05 1.371738397258621660e+02
4.768611697714474431e-05 1.450491326569514854e+02
5.052631065335679548e-05 1.533764499925537734e+02
5.353566677410729675e-05 1.621817184530106886e+02
5.672426068491977794e-05 1.714923478105907293e+02
6.010276782070387642e-05 1.813373131804243314e+02
6.368249944718585675e-05 1.917472476185730557e+02
6.747544053110699554e-05 2.027545371417061517e+02
7.149428986597576249e-05 2.143934156866780540e+02
7.575250258771920673e-05 2.267000653087326043e+02
8.026433522257173624e-05 2.397127341018737070e+02
8.504489341802686365e-05 2.534718544711443542e+02
9.011018251665017960e-05 2.680201572997347625e+02
9.547716114208065730e-05 2.834027932211749317e+02
1.011637979766207013e-04 2.996674829542501470e+02
1.071891319205128638e-04 3.168646639319746328e+02
1.135733358343105206e-04 3.350476235555379390e+02
1.203377840777590556e-04 3.542726430799508535e+02
1.275051240713012809e-04 3.745991916062961309e+02
1.350993521198027864e-04 3.960901069122116382e+02
1.431458937523478591e-04 4.188117435352783673e+02
1.516716888470924095e-04 4.428341388303159079e+02
1.607052818261638333e-04 4.682312665697020861e+02
1.702769172225901374e-04 4.950812579270741480e+02
1.804186409392071779e-04 5.234665507643551337e+02
1.911644075385703697e-04 5.534740727577088819e+02
2.025501939230666413e-04 5.851955785783820829e+02
2.146141197858405776e-04 6.187279159691414634e+02
2.273965752357927448e-04 6.541731462505714489e+02
2.409403560239526765e-04 6.916387322165683145e+02
2.552908068239516468e-04 7.312379933814202104e+02
2.704959730463137079e-04 7.730904186233092332e+02
2.866067616948250111e-04 8.173216994890964315e+02
3.036771118035460487e-04 8.640638990603275715e+02
3.217641750250735269e-04 9.134560741699013988e+02
3.409285069746814732e-04 9.656446286666608785e+02
3.612342699709430527e-04 1.020783166884270372e+03
3.827494478516315301e-04 1.079032609009340376e+03
4.055460735840827930e-04 1.140562036552855261e+03
4.297004704320843828e-04 1.205549066638081968e+03
4.552935074866947636e-04 1.274179393799267018e+03
4.824108704165373600e-04 1.346646806896580301e+03
5.111433483440165366e-04 1.423154311108536149e+03
5.415871378079476200e-04 1.503914484570391778e+03
5.738441648302393047e-04 1.589148592223654305e+03
6.080224261649426910e-04 1.679086470542040615e+03
6.442363508721370797e-04 1.773967915402897006e+03
6.826071834272392233e-04 1.874042947150195005e+03
7.232633896483533272e-04 1.979570141938745337e+03
7.663410868007461971e-04 2.090816267680620058e+03
8.119844993184008319e-04 2.208058064021577138e+03
8.603464416684509499e-04 2.331582312824923520e+03
9.115888299750818944e-04 2.461683163169494946e+03
9.658832241158708896e-04 2.598661450958310525e+03
1.023411402105453864e-03 2.742826791784429588e+03
1.084365968689610842e-03 2.894497101091057175e+03
1.148951000187309855e-03 3.053990459040195219e+03
1.217382727739662078e-03 3.221623154196323867e+03
1.289890261253309484e-03 3.397715003625429745e+03
1.366716356462007289e-03 3.582588371448436646e+03
1.448118227674534582e-03 3.776561395247288146e+03
1.534368408930013262e-03 3.979945956869833481e+03
1.625755666443795110e-03 4.193050396690426169e+03
1.722585965398787389e-03 4.416177035778931895e+03
1.825183494319044218e-03 4.649604591839714885e+03
1.933891750455232110e-03 4.893584652946617098e+03
2.049074689815848227e-03 5.148350088277634313e+03
2.171117945694505096e-03 5.414111384173142142e+03
2.300430119772919023e-03 5.691038307045041620e+03
2.437444150122221927e-03 5.979255870273556866e+03
2.582618760682677504e-03 6.278850580203351456e+03
2.736439997074671757e-03 6.589865082208505555e+03
2.899422853882878057e-03 6.912274635737694553e+03
3.072112998861759037e-03 7.245982874335552879e+03
3.255088599835059826e-03 7.590829277888852630e+03
3.448962260405759751e-03 7.946582530340145240e+03
3.654383070957258062e-03 8.312912321119356420e+03
3.872038781812556923e-03 8.689386026166384909e+03
4.102658105827194576e-03 9.075478127638658407e+03
4.347013158125026359e-03 9.470562693563901121e+03
4.605922041145108295e-03 9.873874718728849984e+03
4.880251583654433324e-03 1.028451066992506821e+04
5.170920242896760721e-03 1.070144578802268916e+04
5.478901179593945181e-03 1.112352499831984460e+04
5.805225516094901853e-03 1.154938788301778550e+04
6.150985788580504154e-03 1.197748257753188591e+04
6.517339604882426730e-03 1.240611039185346090e+04
6.905513520162331019e-03 1.283341480309457984e+04
7.316807143427199629e-03 1.325724057401034588e+04
7.752597488629464108e-03 1.367517935210200812e+04
8.214343584919429550e-03 1.408466561885005467e+04
8.703591361485166558e-03 1.448296739862345385e+04
9.221978823334331735e-03 1.486697130302230107e+04
9.771241535346501458e-03 1.523328369309026675e+04
1.035321843295662625e-02 1.557839535118728236e+04
1.096985797892384082e-02 1.589867626373511484e+04
1.162322468679852921e-02 1.619004080514391535e+04
1.231550603292826118e-02 1.644815564064685532e+04
1.304901978014402948e-02 1.666871988688299462e+04
1.382622173764656327e-02 1.684748723353424066e+04
1.464971398307286267e-02 1.697991353375829203e+04
1.552225357427047987e-02 1.706146905144165430e+04
1.644676177994664271e-02 1.708799411441676057e+04
1.742633386009650662e-02 1.705577644154406516e+04
1.846424942895544263e-02 1.696136845201455799e+04
1.956398343517064958e-02 1.680189246552738769e+04
2.072921779595372077e-02 1.657533585622006285e+04
2.196385372416546911e-02 1.628078274972911822e+04
2.327202478960409618e-02 1.591925153928931468e+04
2.465811075822603796e-02 1.549319479627239343e+04
2.612675225563329193e-02 1.500606771667410794e+04
2.768286630392066683e-02 1.446288846562102663e+04
2.933166278390045290e-02 1.387361481823540998e+04
3.107866187782013997e-02 1.324987158642060240e+04
3.292971255097151134e-02 1.260266425566883845e+04
3.489101213406773511e-02 1.194323816778476976e+04
3.696912707195028347e-02 1.128829011396488931e+04
3.917101490809260511e-02 1.065421600422446318e+04
4.150404757850476717e-02 1.005410255739407694e+04
4.397603609302721400e-02 9.498213480334194173e+03
4.659525668664682430e-02 8.994714859676099877e+03
4.937047852839003548e-02 8.549562388795680818e+03
5.231099308056263303e-02 8.161861584445359767e+03
5.542664520663106997e-02 7.824015015250202850e+03
5.872786613189483196e-02 7.521949202419395078e+03
6.222570836730231120e-02 7.235597206319012912e+03
6.593188271333548511e-02 6.940525938479555407e+03
6.985879746785249311e-02 6.611939317961189772e+03
7.401959996915644102e-02 6.230436536239429188e+03
7.842822061337681450e-02 5.788488866483145102e+03
8.309941949353395751e-02 5.295658063101727748e+03
8.804883581643464796e-02 4.779371001300472017e+03
9.329304026284686302e-02 4.279742241638419728e+03
9.884959046625586832e-02 3.838411495565283076e+03
1.047370897959450792e-01 3.485382219551701837e+03
1.109752496412072104e-01 3.228149629679440295e+03
1.175849554052158102e-01 3.046676486434022536e+03
1.245883364295008178e-01 2.896567191699237810e+03
1.320088400831419539e-01 2.724183696033010165e+03
1.398713102647238526e-01 2.494526260931931120e+03
1.482020705798860194e-01 2.216216212712873585e+03
1.570290124729377401e-01 1.938763867074933842e+03
1.663816886076130708e-01 1.717537105487394911e+03
1.762914118095947891e-01 1.572686402799963389e+03
1.867913599020784576e-01 1.474711915756950475e+03
1.979166867853557332e-01 1.367417334119766792e+03
2.097046401323234832e-01 1.220579300455635121e+03
2.221946860939523760e-01 1.064636693311888394e+03
2.354286414322420140e-01 9.451408916431636271e+02
2.494508135230316670e-01 8.671782020277904621e+02
2.643081486974108163e-01 7.930820340679545097e+02
2.800503894183630771e-01 7.014494104896122053e+02
2.967302408188872698e-01 6.165689183854717612e+02
3.144035471591500319e-01 5.562953297772255610e+02
3.331294787934677148e-01 5.014681981305728868e+02
3.529707302730650254e-01 4.421400723741153342e+02
3.739937302478801850e-01 3.927058342054605191e+02
3.962688638701478139e-01 3.516310357406190406e+02
4.198707084443914495e-01 3.108273856028920363e+02
4.448782831127585102e-01 2.755562481746873686e+02
4.713753134116728805e-01 2.447155806715931590e+02
4.994505115855140120e-01 2.160436042151898732e+02
5.291978735958446922e-01 1.912959247962034226e+02
5.607169938205458504e-01 1.688219740444999104e+02
5.941133984965040193e-01 1.490247037143234081e+02
6.294988990221888070e-01 1.313330020351575342e+02
6.669919663030128287e-01 1.156905113043837900e+02
7.067181273927490848e-01 1.017884381792802202e+02
7.488103857590030499e-01 8.949903208129772736e+01
7.934096665797492065e-01 7.862522002430861789e+01
8.406652885618334237e-01 6.901434732073495582e+01
8.907354638610439634e-01 6.053205793864876938e+01
9.437878277775391123e-01 5.304555464356206329e+01
1.000000000000000000e+00 4.644723985941912758e+01
