1.000000000000000082e-05 6.283399791991358008e+00
1.059560179277617057e-05 6.644172656399915056e+00
1.122667773510813544e-05 7.025658301901930081e+00
1.189534067370320835e-05 7.429047438629418743e+00
1.260382929679727389e-05 7.855597576071982502e+00
1.335451562929900141e-05 8.306638407092636456e+00
1.414991297434575937e-05 8.783575972121987263e+00
1.499268432786047117e-05 9.287897081883460970e+00
1.588565129428052877e-05 9.821173913666793709e+00
1.683180353330958413e-05 1.038506890335401067e+01
1.783430876931909215e-05 1.098133990267569438e+01
1.889652339691211472e-05 1.161184561437643659e+01
2.002200371815584479e-05 1.227855142276310119e+01
2.121451784910631934e-05 1.298353552405432687e+01
2.247805833548725246e-05 1.372899538538379005e+01
2.381685551976160786e-05 1.451725456530480685e+01
2.523539170434765982e-05 1.535076997362340379e+01
2.673841615839949297e-05 1.623213952660882953e+01
2.833096101839323942e-05 1.716411018830718405e+01
3.001835813575592089e-05 1.814958644969026835e+01
3.180625692794118915e-05 1.919163944244408526e+01
3.370064329271931777e-05 2.029351650803200613e+01
3.570785964900462521e-05 2.145865121135455666e+01
3.783462617131932846e-05 2.269067389579655369e+01
4.008806328898464845e-05 2.399342310394595401e+01
4.247571552536902605e-05 2.537095752950395422e+01
4.500557675700497562e-05 2.682756843787882417e+01
4.768611697714474431e-05 2.836779275091015862e+01
5.052631065335679548e-05 2.999642740385424844e+01
5.353566677410729675e-05 3.171854426741895239e+01
5.672426068491977794e-05 3.353950548978638579e+01
6.010276782070387642e-05 3.546497966338476715e+01
6.368249944718585675e-05 3.750095990743597696e+01
6.747544053110699554e-05 3.965378247760208552e+01
7.149428986597576249e-05 4.193014553727087446e+01
7.575250258771920673e-05 4.433712897404455333e+01
8.026433522257173624e-05 4.688221730584561442e+01
8.504489341802686365e-05 4.957332285419283835e+01
9.011018251665017960e-05 5.241880846977385033e+01
9.547716114208065730e-05 5.542751165694624405e+01
1.011637979766207013e-04 5.860877368346336169e+01
1.071891319205128638e-04 6.197246834777410385e+01
1.135733358343105206e-04 6.552902875273288430e+01
1.203377840777590556e-04 6.928947612569012904e+01
1.275051240713012809e-04 7.326545729519453687e+01
1.350993521198027864e-04 7.746928024901713172e+01
1.431458937523478591e-04 8.191394446290539122e+01
1.516716888470924095e-04 8.661317458654127677e+01
1.607052818261638333e-04 9.158146920017227899e+01
1.702769172225901374e-04 9.683414441345941270e+01
1.804186409392071779e-04 1.023873654833192148e+02
1.911644075385703697e-04 1.082581846259473366e+02
2.025501939230666413e-04 1.144646056294967025e+02
2.146141197858405776e-04 1.210256366227609419e+02
2.273965752357927448e-04 1.279613174257856087e+02
2.409403560239526765e-04 1.352927592590800714e+02
2.552908068239516468e-04 1.430422321263165770e+02
2.704959730463137079e-04 1.512332272825260588e+02
2.866067616948250111e-04 1.598904683555333577e+02
3.036771118035460487e-04 1.690399480137774333e+02
3.217641750250735269e-04 1.787090488186845221e+02
3.409285069746814732e-04 1.889266144420986109e+02
3.612342699709430527e-04 1.997229220008984498e+02
3.827494478516315301e-04 2.111297068409422479e+02
4.055460735840827930e-04 2.231803323967698134e+02
4.297004704320843828e-04 2.359098661586565981e+02
4.552935074866947636e-04 2.493549748813729536e+02
4.824108704165373600e-04 2.635539236578576947e+02
5.111433483440165366e-04 2.785468153565027478e+02
5.415871378079476200e-04 2.943756621763141652e+02
5.738441648302393047e-04 3.110841520486172271e+02
6.080224261649426910e-04 3.287176055292763976e+02
6.442363508721370797e-04 3.473233025451423828e+02
6.826071834272392233e-04 3.669505326809632493e+02
7.232633896483533272e-04 3.876501721511311302e+02
7.663410868007461971e-04 4.094745808340479698e+02
8.119844993184008319e-04 4.324780230865758313e+02
8.603464416684509499e-04 4.567166732918009302e+02
9.115888299750818944e-04 4.822480039454340499e+02
9.658832241158708896e-04 5.091306214834731350e+02
1.023411402105453864e-03 5.374247222491569573e+02
1.084365968689610842e-03 5.671920110098208170e+02
1.148951000187309855e-03 5.984946651686261703e+02
1.217382727739662078e-03 6.313950511554425020e+02
1.289890261253309484e-03 6.659563237543342211e+02
1.366716356462007289e-03 7.022422096947949512e+02
1.448118227674534582e-03 7.403154103953605727e+02
1.534368408930013262e-03 7.802371751333324710e+02
1.625755666443795110e-03 8.220680398528169235e+02
1.722585965398787389e-03 8.658673618990816294e+02
1.825183494319044218e-03 9.116901295202278561e+02
1.933891750455232110e-03 9.595862962188206211e+02
2.049074689815848227e-03 1.009602249766539558e+03
2.171117945694505096e-03 1.061780052843500016e+03
2.300430119772919023e-03 1.116153171694129242e+03
2.437444150122221927e-03 1.172745672360870685e+03
2.582618760682677504e-03 1.231573899881622083e+03
2.736439997074671757e-03 1.292645409743200844e+03
2.899422853882878057e-03 1.355954124443500177e+03
3.072112998861759037e-03 1.421479492549425913e+03
3.255088599835059826e-03 1.489188068441576888e+03
3.448962260405759751e-03 1.559032163720555900e+03
3.654383070957258062e-03 1.630943953277496121e+03
3.872038781812556923e-03 1.704834837088898666e+03
4.102658105827194576e-03 1.780597480741988420e+03
4.347013158125026359e-03 1.858104349255019315e+03
4.605922041145108295e-03 1.937200395049136432e+03
4.880251583654433324e-03 2.017703130344850251e+03
5.170920242896760721e-03 2.099405849246852085e+03
5.478901179593945181e-03 2.182076079582426246e+03
5.805225516094901853e-03 2.265443378964709609e+03
6.150985788580504154e-03 2.349201624469073977e+03
6.517339604882426730e-03 2.433016321108710599e+03
6.905513520162331019e-03 2.516522744304656499e+03
7.316807143427199629e-03 2.599301159995831767e+03
7.752597488629464108e-03 2.680885127306377399e+03
8.214343584919429550e-03 2.760778697739160179e+03
8.703591361485166558e-03 2.838454015095726845e+03
9.221978823334331735e-03 2.913304027389684506e+03
9.771241535346501458e-03 2.984664097055926504e+03
1.035321843295662625e-02 3.051847222842437077e+03
1.096985797892384082e-02 3.114143737311124369e+03
1.162322468679852921e-02 3.170761528372538123e+03
1.231550603292826118e-02 3.220864465075404951e+03
1.304901978014402948e-02 3.263623785975939427e+03
1.382622173764656327e-02 3.298220556253486393e+03
1.464971398307286267e-02 3.323764220283580926e+03
1.552225357427047987e-02 3.339359835925246898e+03
1.644676177994664271e-02 3.344184675175388293e+03
1.742633386009650662e-02 3.337507549863617896e+03
1.846424942895544263e-02 3.318680735304481914e+03
1.956398343517064958e-02 3.287182723660530428e+03
2.072921779595372077e-02 3.242659119877755074e+03
2.196385372416546911e-02 3.184963233652608324e+03
2.327202478960409618e-02 3.114298847717073386e+03
2.465811075822603796e-02 3.031135839810842754e+03
2.612675225563329193e-02 2.936137136579195612e+03
2.768286630392066683e-02 2.830271541336813243e+03
2.933166278390045290e-02 2.715489482793765546e+03
3.107866187782013997e-02 2.594069928802228333e+03
3.292971255097151134e-02 2.468165577262957868e+03
3.489101213406773511e-02 2.339966042702933919e+03
3.696912707195028347e-02 2.212688265529994624e+03
3.917101490809260511e-02 2.089485206604881114e+03
4.150404757850476717e-02 1.972877010962316945e+03
4.397603609302721400e-02 1.864834547558005170e+03
4.659525668664682430e-02 1.766900901694815957e+03
4.937047852839003548e-02 1.680193161556309406e+03
5.231099308056263303e-02 1.604483422964426381e+03
5.542664520663106997e-02 1.538259220712056504e+03
5.872786613189483196e-02 1.478738978301038060e+03
6.222570836730231120e-02 1.422001070403419817e+03
6.593188271333548511e-02 1.363318849322012511e+03
6.985879746785249311e-02 1.297954247955575283e+03
7.401959996915644102e-02 1.222269790543752379e+03
7.842822061337681450e-02 1.134982753697533099e+03
8.309941949353395751e-02 1.038129368690877982e+03
8.804883581643464796e-02 9.371674108628943713e+02
9.329304026284686302e-02 8.398983799288946557e+02
9.884959046625586832e-02 7.542988293425462416e+02
1.047370897959450792e-01 6.859752003217159881e+02
1.109752496412072104e-01 6.361008340829818053e+02
1.175849554052158102e-01 6.005225325148468301e+02
1.245883364295008178e-01 5.704775851229916270e+02
1.320088400831419539e-01 5.356742535088409340e+02
1.398713102647238526e-01 4.897482776889272031e+02
1.482020705798860194e-01 4.348753432711167761e+02
1.570290124729377401e-01 3.808597405333501342e+02
1.663816886076130708e-01 3.381741371082342766e+02
1.762914118095947891e-01 3.101812591607787226e+02
1.867913599020784576e-01 2.907243191768244515e+02
1.979166867853557332e-01 2.689930072407193506e+02
2.097046401323234832e-01 2.397454902146072300e+02
2.221946860939523760e-01 2.093307461997306405e+02
2.354286414322420140e-01 1.862779022357074155e+02
2.494508135230316670e-01 1.709859371320190746e+02
2.643081486974108163e-01 1.560740378233146828e+02
2.800503894183630771e-01 1.379255197462327658e+02
2.967302408188872698e-01 1.214478981977779597e+02
3.144035471591500319e-01 1.096569448869124841e+02
3.331294787934677148e-01 9.870787646380976810e+01
3.529707302730650254e-01 8.703522486042002981e+01
3.739937302478801850e-01 7.739202565621856422e+01
3.962688638701478139e-01 6.925138116058940341e+01
4.198707084443914495e-01 6.121140427001600415e+01
4.448782831127585102e-01 5.429595869175135192e+01
4.713753134116728805e-01 4.819918729446511918e+01
4.994505115855140120e-01 4.256394409656035549e+01
5.291978735958446922e-01 3.768703516535488518e+01
5.607169938205458504e-01 3.326078086612596252e+01
5.941133984965040193e-01 2.936207948682087476e+01
6.294988990221888070e-01 2.587695834793656857e+01
6.669919663030128287e-01 2.279578407892304170e+01
7.067181273927490848e-01 2.005716900745768072e+01
7.488103857590030499e-01 1.763606710125998234e+01
7.934096665797492065e-01 1.549376238916821080e+01
8.406652885618334237e-01 1.360030542033062417e+01
8.907354638610439634e-01 1.192907070055510843e+01
9.437878277775391123e-01 1.045395091217175931e+01
1.000000000000000000e+00 9.153836563753795730e+00
