1.000000000000000082e-05 1.364322387311686668e+01
1.059560179277617057e-05 1.442657443759947711e+01
1.122667773510813544e-05 1.525489868436162944e+01
1.189534067370320835e-05 1.613078219392782131e+01
1.260382929679727389e-05 1.705695537744617596e+01
1.335451562929900141e-05 1.803630537172202253e+01
1.414991297434575937e-05 1.907188509195654902e+01
1.499268432786047117e-05 2.016692285745249436e+01
1.588565129428052877e-05 2.132483235101486230e+01
1.683180353330958413e-05 2.254922323689007158e+01
1.783430876931909215e-05 2.384391233075353256e+01
1.889652339691211472e-05 2.521293534982315521e+01
2.002200371815584479e-05 2.666055961749115610e+01
2.121451784910631934e-05 2.819129738050678213e+01
2.247805833548725246e-05 2.980991986775481450e+01
2.381685551976160786e-05 3.152147215889754506e+01
2.523539170434765982e-05 3.333128888705813608e+01
2.673841615839949297e-05 3.524501084939281981e+01
2.833096101839323942e-05 3.726860241554470576e+01
3.001835813575592089e-05 3.940836985846684826e+01
3.180625692794118915e-05 4.167098121729194560e+01
3.370064329271931777e-05 4.406348708199567454e+01
3.570785964900462521e-05 4.659334234634913230e+01
3.783462617131932846e-05 4.926842914209914426e+01
4.008806328898464845e-05 5.209708160523652509e+01
4.247571552536902605e-05 5.508811181546692382e+01
4.500557675700497562e-05 5.825083667117581143e+01
4.768611697714474431e-05 6.159510617842148861e+01
5.052631065335679548e-05 6.513133472776358701e+01
5.353566677410729675e-05 6.887053349143887715e+01
5.672426068491977794e-05 7.282434368156999938e+01
6.010276782070387642e-05 7.700507158813860542e+01
6.368249944718585675e-05 8.142572785459371687e+01
6.747544053110699554e-05 8.610006785511738769e+01
7.149428986597576249e-05 9.104263222830789459e+01
7.575250258771920673e-05 9.626878965459053461e+01
8.026433522257173624e-05 1.017947867744534136e+02
8.504489341802686365e-05 1.076377984609809886e+02
9.011018251665017960e-05 1.138159767398796305e+02
9.547716114208065730e-05 1.203485027319158576e+02
1.011637979766207013e-04 1.272556501702401022e+02
1.071891319205128638e-04 1.345588477653510893e+02
1.135733358343105206e-04 1.422807365532752613e+02
1.203377840777590556e-04 1.504452317145224356e+02
1.275051240713012809e-04 1.590776044703798391e+02
1.350993521198027864e-04 1.682045590835199675e+02
1.431458937523478591e-04 1.778542971622420055e+02
1.516716888470924095e-04 1.880565894191577172e+02
1.607052818261638333e-04 1.988428825258945665e+02
1.702769172225901374e-04 2.102463933667637264e+02
1.804186409392071779e-04 2.223021748881951396e+02
1.911644075385703697e-04 2.350471958659860263e+02
2.025501939230666413e-04 2.485204828203620480e+02
2.146141197858405776e-04 2.627632337796633806e+02
2.273965752357927448e-04 2.778188728779830967e+02
2.409403560239526765e-04 2.937331328326041557e+02
2.552908068239516468e-04 3.105542471009247265e+02
2.704959730463137079e-04 3.283330840014485830e+02
2.866067616948250111e-04 3.471231639368390347e+02
3.036771118035460487e-04 3.669807337533515579e+02
3.217641750250735269e-04 3.879650316661347915e+02
3.409285069746814732e-04 4.101384392958906346e+02
3.612342699709430527e-04 4.335664154769396532e+02
3.827494478516315301e-04 4.583175446424687038e+02
4.055460735840827930e-04 4.844639046347829208e+02
4.297004704320843828e-04 5.120812278184238266e+02
4.552935074866947636e-04 5.412486788866004872e+02
4.824108704165373600e-04 5.720488514679889249e+02
5.111433483440165366e-04 6.045682740790065282e+02
5.415871378079476200e-04 6.388975618073194482e+02
5.738441648302393047e-04 6.751309630847900962e+02
6.080224261649426910e-04 7.133662818266110435e+02
6.442363508721370797e-04 7.537055320572908386e+02
6.826071834272392233e-04 7.962550462152931914e+02
7.232633896483533272e-04 8.411246694099071419e+02
7.663410868007461971e-04 8.884275690666839864e+02
8.119844993184008319e-04 9.382810564462366756e+02
8.603464416684509499e-04 9.908066105134769259e+02
9.115888299750818944e-04 1.046128808100170090e+03
9.658832241158708896e-04 1.104375039812365912e+03
1.023411402105453864e-03 1.165676319468186875e+03
1.084365968689610842e-03 1.230167089539480003e+03
1.148951000187309855e-03 1.297982297276115332e+03
1.217382727739662078e-03 1.369256660592421667e+03
1.289890261253309484e-03 1.444126513820499213e+03
1.366716356462007289e-03 1.522729371065356645e+03
1.448118227674534582e-03 1.605200761026326290e+03
1.534368408930013262e-03 1.691673335679545744e+03
1.625755666443795110e-03 1.782278252912564312e+03
1.722585965398787389e-03 1.877144132559551963e+03
1.825183494319044218e-03 1.976389545194913126e+03
1.933891750455232110e-03 2.080121512560043811e+03
2.049074689815848227e-03 2.188439113262644241e+03
2.171117945694505096e-03 2.301431934497619295e+03
2.300430119772919023e-03 2.419172375790333717e+03
2.437444150122221927e-03 2.541713940431951414e+03
2.582618760682677504e-03 2.669093829870171248e+03
2.736439997074671757e-03 2.801330667531826293e+03
2.899422853882878057e-03 2.938414439359849894e+03
3.072112998861759037e-03 3.080304698343744803e+03
3.255088599835059826e-03 3.226933788140209344e+03
3.448962260405759751e-03 3.378204002667184795e+03
3.654383070957258062e-03 3.533975319629536898e+03
3.872038781812556923e-03 3.694064012733512754e+03
4.102658105827194576e-03 3.858246832309194360e+03
4.347013158125026359e-03 4.026257818396392395e+03
4.605922041145108295e-03 4.197771994687562255e+03
4.880251583654433324e-03 4.372405575764410059e+03
5.170920242896760721e-03 4.549723234856590352e+03
5.478901179593945181e-03 4.729234373936836164e+03
5.805225516094901853e-03 4.910362787847904656e+03
6.150985788580504154e-03 5.092452252079190657e+03
6.517339604882426730e-03 5.274784543814899735e+03
6.905513520162331019e-03 5.456574688027260891e+03
7.316807143427199629e-03 5.636910582912152677e+03
7.752597488629464108e-03 5.814772462527947937e+03
8.214343584919429550e-03 5.989073902629643271e+03
8.703591361485166558e-03 6.158657948185232271e+03
9.221978823334331735e-03 6.322206930656700933e+03
9.771241535346501458e-03 6.478284926840115986e+03
1.035321843295662625e-02 6.625406880502671811e+03
1.096985797892384082e-02 6.762036341374721815e+03
1.162322468679852921e-02 6.886444094656093512e+03
1.231550603292826118e-02 6.996795769016446684e+03
1.304901978014402948e-02 7.091269951117692472e+03
1.382622173764656327e-02 7.168067910655826381e+03
1.464971398307286267e-02 7.225268631206507052e+03
1.552225357427047987e-02 7.260958348472264333e+03
1.644676177994664271e-02 7.273378099189211753e+03
1.742633386009650662e-02 7.260956444269590975e+03
1.846424942895544263e-02 7.222235295868676985e+03
1.956398343517064958e-02 7.155996194906749224e+03
2.072921779595372077e-02 7.061382503684018047e+03
2.196385372416546911e-02 6.937998086407284973e+03
2.327202478960409618e-02 6.786269082892756160e+03
2.465811075822603796e-02 6.607226906455439348e+03
2.612675225563329193e-02 6.402321185728573255e+03
2.768286630392066683e-02 6.173657679618805560e+03
2.933166278390045290e-02 5.925433493025454482e+03
3.107866187782013997e-02 5.662552805276073741e+03
3.292971255097151134e-02 5.389658547586696841e+03
3.489101213406773511e-02 5.111490382386864439e+03
3.696912707195028347e-02 4.835060191339392986e+03
3.917101490809260511e-02 4.567261106303199995e+03
4.150404757850476717e-02 4.313613929720123451e+03
4.397603609302721400e-02 4.078444424003024324e+03
4.659525668664682430e-02 3.865143613634795656e+03
4.937047852839003548e-02 3.676175933496984726e+03
5.231099308056263303e-02 3.511089153470955353e+03
5.542664520663106997e-02 3.366624357133699959e+03
5.872786613189483196e-02 3.236752322543343325e+03
6.222570836730231120e-02 3.112947284715502974e+03
6.593188271333548511e-02 2.984926846386648322e+03
6.985879746785249311e-02 2.842338941434116805e+03
7.401959996915644102e-02 2.677220886620163128e+03
7.842822061337681450e-02 2.486727720110061455e+03
8.309941949353395751e-02 2.275246808974424766e+03
8.804883581643464796e-02 2.054627640337334924e+03
9.329304026284686302e-02 1.841891003209689643e+03
9.884959046625586832e-02 1.654480562317277645e+03
1.047370897959450792e-01 1.504709450937005386e+03
1.109752496412072104e-01 1.395240884061832503e+03
1.175849554052158102e-01 1.317096161229443396e+03
1.245883364295008178e-01 1.251190777916766820e+03
1.320088400831419539e-01 1.175040043515898333e+03
1.398713102647238526e-01 1.074630371922779432e+03
1.482020705798860194e-01 9.545687080504723099e+02
1.570290124729377401e-01 8.362011873300601792e+02
1.663816886076130708e-01 7.424723857893693548e+02
1.762914118095947891e-01 6.808848850359660219e+02
1.867913599020784576e-01 6.381116422418209595e+02
1.979166867853557332e-01 5.905312822453743138e+02
2.097046401323234832e-01 5.265172998263898307e+02
2.221946860939523760e-01 4.598083312555069710e+02
2.354286414322420140e-01 4.091194082073330947e+02
2.494508135230316670e-01 3.754785090661855520e+02
2.643081486974108163e-01 3.427948891056590810e+02
2.800503894183630771e-01 3.030220991086944196e+02
2.967302408188872698e-01 2.668152199574960264e+02
3.144035471591500319e-01 2.408831740004607695e+02
3.331294787934677148e-01 2.168675170519777282e+02
3.529707302730650254e-01 1.912503667831732059e+02
3.739937302478801850e-01 1.700479778454711095e+02
3.962688638701478139e-01 1.521728930785303646e+02
4.198707084443914495e-01 1.345202149319129035e+02
4.448782831127585102e-01 1.193207259414503056e+02
4.713753134116728805e-01 1.059314076361659005e+02
4.994505115855140120e-01 9.354965682683297246e+01
5.291978735958446922e-01 8.283409230471352203e+01
5.607169938205458504e-01 7.310914325550427861e+01
5.941133984965040193e-01 6.454149650614142786e+01
6.294988990221888070e-01 5.688318189161991967e+01
6.669919663030128287e-01 5.011190276254148301e+01
7.067181273927490848e-01 4.409323135822661754e+01
7.488103857590030499e-01 3.877213488354934157e+01
7.934096665797492065e-01 3.406363618429800511e+01
8.406652885618334237e-01 2.990180107230294837e+01
8.907354638610439634e-01 2.622819269484364213e+01
9.437878277775391123e-01 2.298554958570210971e+01
1.000000000000000000e+00 2.012750930552233797e+01
