1.000000000000000082e-05 1.234489946303762942e+01
1.059560179277617057e-05 1.305370436522107269e+01
1.122667773510813544e-05 1.380320313795791343e+01
1.189534067370320835e-05 1.459573531125405133e+01
1.260382929679727389e-05 1.543377146328295169e+01
1.335451562929900141e-05 1.631992398345703776e+01
1.414991297434575937e-05 1.725695526368446409e+01
1.499268432786047117e-05 1.824778640806770014e+01
1.588565129428052877e-05 1.929550624454199692e+01
1.683180353330958413e-05 2.040338093238412043e+01
1.783430876931909215e-05 2.157486406923487010e+01
1.889652339691211472e-05 2.281360732304160521e+01
2.002200371815584479e-05 2.412347192768454462e+01
2.121451784910631934e-05 2.550854073286174639e+01
2.247805833548725246e-05 2.697313092499817699e+01
2.381685551976160786e-05 2.852180748094930252e+01
2.523539170434765982e-05 3.015939737637642182e+01
2.673841615839949297e-05 3.189100461561401900e+01
2.833096101839323942e-05 3.372202598349024072e+01
3.001835813575592089e-05 3.565816763174125725e+01
3.180625692794118915e-05 3.770546305167938783e+01
3.370064329271931777e-05 3.987029188093369925e+01
3.570785964900462521e-05 4.215939958633598650e+01
3.783462617131932846e-05 4.457991821562443135e+01
4.008806328898464845e-05 4.713938880689071453e+01
4.247571552536902605e-05 4.984578485958308391e+01
4.500557675700497562e-05 5.270753665198098759e+01
4.768611697714474431e-05 5.573355683813365857e+01
5.052631065335679548e-05 5.893326874830550821e+01
5.353566677410729675e-05 6.231663570315282641e+01
5.672426068491977794e-05 6.589419110699535054e+01
6.010276782070387642e-05 6.967707015148576488e+01
6.368249944718585675e-05 7.367704535364958929e+01
6.747544053110699554e-05 7.790656309074536523e+01
7.149428986597576249e-05 8.237878027665966840e+01
7.575250258771920673e-05 8.710760306850663426e+01
8.026433522257173624e-05 9.210773203451751101e+01
8.504489341802686365e-05 9.739470764250887669e+01
9.011018251665017960e-05 1.029849545245534586e+02
9.547716114208065730e-05 1.088958284764402151e+02
1.011637979766207013e-04 1.151456739305273089e+02
1.071891319205128638e-04 1.217538803858938508e+02
1.135733358343105206e-04 1.287409342991201129e+02
1.203377840777590556e-04 1.361284750203899421e+02
1.275051240713012809e-04 1.439393688963240265e+02
1.350993521198027864e-04 1.521977789430091264e+02
1.431458937523478591e-04 1.609292230308832643e+02
1.516716888470924095e-04 1.701606388146789755e+02
1.607052818261638333e-04 1.799204804195575207e+02
1.702769172225901374e-04 1.902388037253550976e+02
1.804186409392071779e-04 2.011473259496129060e+02
1.911644075385703697e-04 2.126794978239713316e+02
2.025501939230666413e-04 2.248706320042265077e+02
2.146141197858405776e-04 2.377580060079703514e+02
2.273965752357927448e-04 2.513809116165756734e+02
2.409403560239526765e-04 2.657807295038676330e+02
2.552908068239516468e-04 2.810011031069029741e+02
2.704959730463137079e-04 2.970880599836549436e+02
2.866067616948250111e-04 3.140900273970826788e+02
3.036771118035460487e-04 3.320578995983244113e+02
3.217641750250735269e-04 3.510452775410236086e+02
3.409285069746814732e-04 3.711086064497912957e+02
3.612342699709430527e-04 3.923071159272589057e+02
3.827494478516315301e-04 4.147028637348710731e+02
4.055460735840827930e-04 4.383610686013561235e+02
4.297004704320843828e-04 4.633502560039058835e+02
4.552935074866947636e-04 4.897420571191255476e+02
4.824108704165373600e-04 5.176112057527305979e+02
5.111433483440165366e-04 5.470359961441039331e+02
5.415871378079476200e-04 5.780984202152045555e+02
5.738441648302393047e-04 6.108837574737725618e+02
6.080224261649426910e-04 6.454805045619037855e+02
6.442363508721370797e-04 6.819809675861396272e+02
6.826071834272392233e-04 7.204813601155511833e+02
7.232633896483533272e-04 7.610810741152120045e+02
7.663410868007461971e-04 8.038825077062648461e+02
8.119844993184008319e-04 8.489918085068677556e+02
8.603464416684509499e-04 8.965188952299770335e+02
9.115888299750818944e-04 9.465764896543923896e+02
9.658832241158708896e-04 9.992798595671815747e+02
1.023411402105453864e-03 1.054747551173252987e+03
1.084365968689610842e-03 1.113101213051712648e+03
1.148951000187309855e-03 1.174462950523703739e+03
1.217382727739662078e-03 1.238954661398987582e+03
1.289890261253309484e-03 1.306699706082612465e+03
1.366716356462007289e-03 1.377822512482300908e+03
1.448118227674534582e-03 1.452445712036418854e+03
1.534368408930013262e-03 1.530689333216557088e+03
1.625755666443795110e-03 1.612672052587043254e+03
1.722585965398787389e-03 1.698510250186533540e+03
1.825183494319044218e-03 1.788311213107427193e+03
1.933891750455232110e-03 1.882171778625885509e+03
2.049074689815848227e-03 1.980181596773479896e+03
2.171117945694505096e-03 2.082421729396337469e+03
2.300430119772919023e-03 2.188957686294048472e+03
2.437444150122221927e-03 2.299837879246460943e+03
2.582618760682677504e-03 2.415095969515446086e+03
2.736439997074671757e-03 2.534748808274458952e+03
2.899422853882878057e-03 2.658787334429953717e+03
3.072112998861759037e-03 2.787174950013395119e+03
3.255088599835059826e-03 2.919850437033786420e+03
3.448962260405759751e-03 3.056725387372114710e+03
3.654383070957258062e-03 3.197673103616396475e+03
3.872038781812556923e-03 3.342527343341349024e+03
4.102658105827194576e-03 3.491086101892072293e+03
4.347013158125026359e-03 3.643108728744888595e+03
4.605922041145108295e-03 3.798301173176747852e+03
4.880251583654433324e-03 3.956316171780703371e+03
5.170920242896760721e-03 4.116759824605853282e+03
5.478901179593945181e-03 4.279188220199908756e+03
5.805225516094901853e-03 4.443079986576148258e+03
6.150985788580504154e-03 4.607841347242743723e+03
6.517339604882426730e-03 4.772822427321462783e+03
6.905513520162331019e-03 4.937312952034977570e+03
7.316807143427199629e-03 5.100487617541819418e+03
7.752597488629464108e-03 5.261423701460388656e+03
8.214343584919429550e-03 5.419138166481975531e+03
8.703591361485166558e-03 5.572584156402587723e+03
9.221978823334331735e-03 5.720569395424470713e+03
9.771241535346501458e-03 5.861794606503297473e+03
1.035321843295662625e-02 5.994916055191763917e+03
1.096985797892384082e-02 6.118543503794841854e+03
1.162322468679852921e-02 6.231112294057603322e+03
1.231550603292826118e-02 6.330962618161758655e+03
1.304901978014402948e-02 6.416446393165309019e+03
1.382622173764656327e-02 6.485936060584223924e+03
1.464971398307286267e-02 6.537693412877087212e+03
1.552225357427047987e-02 6.569986804498279525e+03
1.644676177994664271e-02 6.581224659669653192e+03
1.742633386009650662e-02 6.569985081504448317e+03
1.846424942895544263e-02 6.534948737561979215e+03
1.956398343517064958e-02 6.475013120474553943e+03
2.072921779595372077e-02 6.389403112397725636e+03
2.196385372416546911e-02 6.277760274843197294e+03
2.327202478960409618e-02 6.140470195061942832e+03
2.465811075822603796e-02 5.978466134414883527e+03
2.612675225563329193e-02 5.793059771131587695e+03
2.768286630392066683e-02 5.586156474664195230e+03
2.933166278390045290e-02 5.361553942572979395e+03
3.107866187782013997e-02 5.123689659818311156e+03
3.292971255097151134e-02 4.876764724293797372e+03
3.489101213406773511e-02 4.625067759914580165e+03
3.696912707195028347e-02 4.374943379579982320e+03
3.917101490809260511e-02 4.132628746923427570e+03
4.150404757850476717e-02 3.903119290571899910e+03
4.397603609302721400e-02 3.690329122218054181e+03
4.659525668664682430e-02 3.497326567699494262e+03
4.937047852839003548e-02 3.326341539911352356e+03
5.231099308056263303e-02 3.176964844120717316e+03
5.542664520663106997e-02 3.046247690805819275e+03
5.872786613189483196e-02 2.928734614352004428e+03
6.222570836730231120e-02 2.816711183584032824e+03
6.593188271333548511e-02 2.700873500710701137e+03
6.985879746785249311e-02 2.571854628950310143e+03
7.401959996915644102e-02 2.422449634561331550e+03
7.842822061337681450e-02 2.250084289622836877e+03
8.309941949353395751e-02 2.058728448026971364e+03
8.804883581643464796e-02 1.859103969108154388e+03
9.329304026284686302e-02 1.666611899647928340e+03
9.884959046625586832e-02 1.497035920197854011e+03
1.047370897959450792e-01 1.361517414480151501e+03
1.109752496412072104e-01 1.262466159072725077e+03
1.175849554052158102e-01 1.191757889831925922e+03
1.245883364295008178e-01 1.132124232960609561e+03
1.320088400831419539e-01 1.063220199063781592e+03
1.398713102647238526e-01 9.723657710736276840e+02
1.482020705798860194e-01 8.637294851303074665e+02
1.570290124729377401e-01 7.566261233023357136e+02
1.663816886076130708e-01 6.718167965206496319e+02
1.762914118095947891e-01 6.160901213556531957e+02
1.867913599020784576e-01 5.773872907847764964e+02
1.979166867853557332e-01 5.343348006963695980e+02
2.097046401323234832e-01 4.764125541261751096e+02
2.221946860939523760e-01 4.160517832446562920e+02
2.354286414322420140e-01 3.701865489907241908e+02
2.494508135230316670e-01 3.397470046714397540e+02
2.643081486974108163e-01 3.101736423742883062e+02
2.800503894183630771e-01 2.741857337653480613e+02
2.967302408188872698e-01 2.414243947190386734e+02
3.144035471591500319e-01 2.179601092108839566e+02
3.331294787934677148e-01 1.962298441851810651e+02
3.529707302730650254e-01 1.730504880785169064e+02
3.739937302478801850e-01 1.538657732159325917e+02
3.962688638701478139e-01 1.376917276682402189e+02
4.198707084443914495e-01 1.217189239526346682e+02
4.448782831127585102e-01 1.079658575790379871e+02
4.713753134116728805e-01 9.585070137442328075e+01
4.994505115855140120e-01 8.464722994134189094e+01
5.291978735958446922e-01 7.495138620634942583e+01
5.607169938205458504e-01 6.615188841813149168e+01
5.941133984965040193e-01 5.839956105479414106e+01
6.294988990221888070e-01 5.147003143248314672e+01
6.669919663030128287e-01 4.534312470852700017e+01
7.067181273927490848e-01 3.989720561503999363e+01
7.488103857590030499e-01 3.508247841977269843e+01
7.934096665797492065e-01 3.082205261391645124e+01
8.406652885618334237e-01 2.705626847688747461e+01
8.907354638610439634e-01 2.373225015775197022e+01
9.437878277775391123e-01 2.079818533926429680e+01
1.000000000000000000e+00 1.821212355150365170e+01
