1.000000000000000082e-05 2.483852660224239983e+01
1.059560179277617057e-05 2.626467573759815721e+01
1.122667773510813544e-05 2.777270244532379806e+01
1.189534067370320835e-05 2.936731438306820863e+01
1.260382929679727389e-05 3.105348251495568235e+01
1.335451562929900141e-05 3.283646314595286242e+01
1.414991297434575937e-05 3.472181436353809403e+01
1.499268432786047117e-05 3.671541347870023486e+01
1.588565129428052877e-05 3.882347522749221724e+01
1.683180353330958413e-05 4.105257111421650507e+01
1.783430876931909215e-05 4.340964978466735857e+01
1.889652339691211472e-05 4.590205849570796204e+01
2.002200371815584479e-05 4.853756617166649789e+01
2.121451784910631934e-05 5.132438763380258706e+01
2.247805833548725246e-05 5.427120925057378287e+01
2.381685551976160786e-05 5.738721609573399007e+01
2.523539170434765982e-05 6.068212045524462184e+01
2.673841615839949297e-05 6.416619205826678751e+01
2.833096101839323942e-05 6.785028956277751888e+01
3.001835813575592089e-05 7.174589363262499830e+01
3.180625692794118915e-05 7.586514340282434432e+01
3.370064329271931777e-05 8.022087435468988303e+01
3.570785964900462521e-05 8.482665809965456560e+01
3.783462617131932846e-05 8.969684440084010646e+01
4.008806328898464845e-05 9.484660596753738560e+01
4.247571552536902605e-05 1.002919856319862220e+02
4.500557675700497562e-05 1.060499451406022473e+02
4.768611697714474431e-05 1.121384165301184481e+02
5.052631065335679548e-05 1.185763592250474261e+02
5.353566677410729675e-05 1.253838190217959436e+02
5.672426068491977794e-05 1.325819885517826151e+02
6.010276782070387642e-05 1.401932710465752905e+02
6.368249944718585675e-05 1.482413518775833552e+02
6.747544053110699554e-05 1.567512720357179035e+02
7.149428986597576249e-05 1.657495017763476994e+02
7.575250258771920673e-05 1.752640184968518327e+02
8.026433522257173624e-05 1.853243976512951861e+02
8.504489341802686365e-05 1.959619042116651144e+02
9.011018251665017960e-05 2.072095813348971092e+02
9.547716114208065730e-05 2.191023448331264944e+02
1.011637979766207013e-04 2.316770990004270629e+02
1.071891319205128638e-04 2.449728500397347659e+02
1.135733358343105206e-04 2.590308098630342784e+02
1.203377840777590556e-04 2.738945086518190806e+02
1.275051240713012809e-04 2.896099440952282293e+02
1.350993521198027864e-04 3.062257213363843675e+02
1.431458937523478591e-04 3.237931689201650443e+02
1.516716888470924095e-04 3.423664695683634136e+02
1.607052818261638333e-04 3.620028549152767141e+02
1.702769172225901374e-04 3.827627766555237372e+02
1.804186409392071779e-04 4.047100247149508050e+02
1.911644075385703697e-04 4.279118731565354210e+02
2.025501939230666413e-04 4.524393384549478583e+02
2.146141197858405776e-04 4.783673857992463354e+02
2.273965752357927448e-04 5.057750267243384314e+02
2.409403560239526765e-04 5.347454716427630501e+02
2.552908068239516468e-04 5.653664781516301900e+02
2.704959730463137079e-04 5.977305938719923688e+02
2.866067616948250111e-04 6.319351885972399714e+02
3.036771118035460487e-04 6.680825964674951365e+02
3.217641750250735269e-04 7.062805921668804103e+02
3.409285069746814732e-04 7.466426659640248999e+02
3.612342699709430527e-04 7.892879162418022361e+02
3.827494478516315301e-04 8.343411552992240559e+02
4.055460735840827930e-04 8.819335594622491499e+02
4.297004704320843828e-04 9.322029613350931641e+02
4.552935074866947636e-04 9.852934937568213627e+02
4.824108704165373600e-04 1.041355624067017061e+03
5.111433483440165366e-04 1.100547024923125946e+03
5.415871378079476200e-04 1.163032853682864697e+03
5.738441648302393047e-04 1.228985049789657978e+03
6.080224261649426910e-04 1.298582270611383365e+03
6.442363508721370797e-04 1.372010979979678950e+03
6.826071834272392233e-04 1.449465657927503116e+03
7.232633896483533272e-04 1.531147508319786994e+03
7.663410868007461971e-04 1.617264221695067590e+03
8.119844993184008319e-04 1.708031349459157809e+03
8.603464416684509499e-04 1.803672369253168426e+03
9.115888299750818944e-04 1.904416755614669228e+03
9.658832241158708896e-04 2.010499548348649114e+03
1.023411402105453864e-03 2.122162860741294026e+03
1.084365968689610842e-03 2.239655525088046033e+03
1.148951000187309855e-03 2.363227089316589627e+03
1.217382727739662078e-03 2.493126516348407677e+03
1.289890261253309484e-03 2.629606053079953199e+03
1.366716356462007289e-03 2.772920478338272460e+03
1.448118227674534582e-03 2.923321705946610564e+03
1.534368408930013262e-03 3.081057335147189406e+03
1.625755666443795110e-03 3.246372884892354250e+03
1.722585965398787389e-03 3.419509911002434364e+03
1.825183494319044218e-03 3.600692733518342720e+03
1.933891750455232110e-03 3.790126021162296183e+03
2.049074689815848227e-03 3.988000987152235666e+03
2.171117945694505096e-03 4.194492549587736903e+03
2.300430119772919023e-03 4.409745056457510145e+03
2.437444150122221927e-03 4.633869436206153296e+03
2.582618760682677504e-03 4.866948008823489545e+03
2.736439997074671757e-03 5.109030315985134621e+03
2.899422853882878057e-03 5.360114820533583043e+03
3.072112998861759037e-03 5.620145906373060825e+03
3.255088599835059826e-03 5.889019533200649676e+03
3.448962260405759751e-03 6.166577969407465389e+03
3.654383070957258062e-03 6.452587467594634290e+03
3.872038781812556923e-03 6.746735971093256012e+03
4.102658105827194576e-03 7.048640347332980127e+03
4.347013158125026359e-03 7.357840292051776487e+03
4.605922041145108295e-03 7.673767688385815745e+03
4.880251583654433324e-03 7.995747327748201315e+03
5.170920242896760721e-03 8.323010037864956757e+03
5.478901179593945181e-03 8.654685190661732122e+03
5.805225516094901853e-03 8.989742651682779979e+03
6.150985788580504154e-03 9.327003926950501409e+03
6.517339604882426730e-03 9.665175320972537520e+03
6.905513520162331019e-03 1.000283849008944526e+04
7.316807143427199629e-03 1.033834075779273189e+04
7.752597488629464108e-03 1.066983142267018957e+04
8.214343584919429550e-03 1.099533396729058768e+04
8.703591361485166558e-03 1.131273775699002908e+04
9.221978823334331735e-03 1.161963405511664496e+04
9.771241535346501458e-03 1.191339476320492577e+04
1.035321843295662625e-02 1.219129485584359645e+04
1.096985797892384082e-02 1.245050679527492866e+04
1.162322468679852921e-02 1.268784628843522660e+04
1.231550603292826118e-02 1.289993317896598091e+04
1.304901978014402948e-02 1.308340003201069521e+04
1.382622173764656327e-02 1.323490881836159133e+04
1.464971398307286267e-02 1.335089538151117449e+04
1.552225357427047987e-02 1.342780408841661847e+04
1.644676177994664271e-02 1.346234689849688766e+04
1.742633386009650662e-02 1.345156551563044559e+04
1.846424942895544263e-02 1.339272491023230577e+04
1.956398343517064958e-02 1.328352780927736421e+04
2.072921779595372077e-02 1.312231783388732038e+04
2.196385372416546911e-02 1.290826934518664712e+04
2.327202478960409618e-02 1.264209520500869621e+04
2.465811075822603796e-02 1.232561019758753537e+04
2.612675225563329193e-02 1.196137084613405204e+04
2.768286630392066683e-02 1.155313348633752321e+04
2.933166278390045290e-02 1.110852408017395464e+04
3.107866187782013997e-02 1.063645387453602962e+04
3.292971255097151134e-02 1.014536542756066228e+04
3.489101213406773511e-02 9.643884396345591085e+03
3.696912707195028347e-02 9.144629781507455846e+03
3.917101490809260511e-02 8.659996131259336835e+03
4.150404757850476717e-02 8.200012650817103349e+03
4.397603609302721400e-02 7.772537364429473200e+03
4.659525668664682430e-02 7.383536943516645806e+03
4.937047852839003548e-02 7.037256913648710906e+03
5.231099308056263303e-02 6.732231636821895336e+03
5.542664520663106997e-02 6.462143468506908903e+03
5.872786613189483196e-02 6.215523840521427701e+03
6.222570836730231120e-02 5.976496263053155417e+03
6.593188271333548511e-02 5.726308192192729621e+03
6.985879746785249311e-02 5.446750635879969195e+03
7.401959996915644102e-02 5.124635546855986831e+03
7.842822061337681450e-02 4.756756171041577545e+03
8.309941949353395751e-02 4.353259997054253290e+03
8.804883581643464796e-02 3.937550584835041718e+03
9.329304026284686302e-02 3.541349605283694018e+03
9.884959046625586832e-02 3.195782232624769676e+03
1.047370897959450792e-01 2.921164444087141874e+03
1.109752496412072104e-01 2.719261857578314903e+03
1.175849554052158102e-01 2.570282324646670531e+03
1.245883364295008178e-01 2.437143639329201505e+03
1.320088400831419539e-01 2.279666759281965369e+03
1.398713102647238526e-01 2.076992438026524724e+03
1.482020705798860194e-01 1.843665483711658908e+03
1.570290124729377401e-01 1.621622910607806489e+03
1.663816886076130708e-01 1.450242701127878036e+03
1.762914118095947891e-01 1.336918028031429230e+03
1.867913599020784576e-01 1.251841798644235496e+03
1.979166867853557332e-01 1.151822735438072186e+03
2.097046401323234832e-01 1.023266671299257155e+03
2.221946860939523760e-01 8.968560547193760613e+02
2.354286414322420140e-01 8.037846403948484522e+02
2.494508135230316670e-01 7.389239670919621403e+02
2.643081486974108163e-01 6.712591469939042099e+02
2.800503894183630771e-01 5.922520660925961238e+02
2.967302408188872698e-01 5.243552968431262116e+02
3.144035471591500319e-01 4.745498787860247489e+02
3.331294787934677148e-01 4.257388254424691354e+02
3.529707302730650254e-01 3.757008655338553353e+02
3.739937302478801850e-01 3.352243870157487891e+02
3.962688638701478139e-01 2.995742469029758013e+02
4.198707084443914495e-01 2.648975657895996960e+02
4.448782831127585102e-01 2.354067122094969022e+02
4.713753134116728805e-01 2.088493190076662813e+02
4.994505115855140120e-01 1.846537213698943276e+02
5.291978735958446922e-01 1.635433184030144957e+02
5.607169938205458504e-01 1.444127473886413782e+02
5.941133984965040193e-01 1.275545233985513676e+02
6.294988990221888070e-01 1.124686527439472030e+02
6.669919663030128287e-01 9.912320733694474484e+01
7.067181273927490848e-01 8.725583451493081100e+01
7.488103857590030499e-01 7.675813452697327932e+01
7.934096665797492065e-01 6.746248859604371262e+01
8.406652885618334237e-01 5.924327190730906523e+01
8.907354638610439634e-01 5.198425231142508096e+01
9.437878277775391123e-01 4.557333293267786445e+01
1.000000000000000000e+00 3.992101292071863128e+01
