1.000000000000000082e-05 2.247355677827672693e+01
1.059560179277617057e-05 2.376391688088907372e+01
1.122667773510813544e-05 2.512835822327255997e+01
1.189534067370320835e-05 2.657114068832364140e+01
1.260382929679727389e-05 2.809676198528167035e+01
1.335451562929900141e-05 2.970997800674689060e+01
1.414991297434575937e-05 3.141581766014182620e+01
1.499268432786047117e-05 3.321959856295873692e+01
1.588565129428052877e-05 3.512694358618689705e+01
1.683180353330958413e-05 3.714379836775735555e+01
1.783430876931909215e-05 3.927644981914836819e+01
1.889652339691211472e-05 4.153154568075890296e+01
2.002200371815584479e-05 4.391611525916629688e+01
2.121451784910631934e-05 4.643759132897578468e+01
2.247805833548725246e-05 4.910383323083380702e+01
2.381685551976160786e-05 5.192315126093770772e+01
2.523539170434765982e-05 5.490433263710068701e+01
2.673841615839949297e-05 5.805666887595855030e+01
2.833096101839323942e-05 6.138998442999820782e+01
3.001835813575592089e-05 6.491466682429121704e+01
3.180625692794118915e-05 6.864169942270918057e+01
3.370064329271931777e-05 7.258269566620224111e+01
3.570785964900462521e-05 7.674993493699224700e+01
3.783462617131932846e-05 8.115640038473615903e+01
4.008806328898464845e-05 8.581581965441660032e+01
4.247571552536902605e-05 9.074270759660642227e+01
4.500557675700497562e-05 9.595241041109888158e+01
4.768611697714474431e-05 1.014611520837168968e+02
5.052631065335679548e-05 1.072860860500505993e+02
5.353566677410729675e-05 1.134453485600630245e+02
5.672426068491977794e-05 1.199581133940371132e+02
6.010276782070387642e-05 1.268446494995256018e+02
6.368249944718585675e-05 1.341263857059866211e+02
6.747544053110699554e-05 1.418259771996530105e+02
7.149428986597576249e-05 1.499673720320440111e+02
7.575250258771920673e-05 1.585758813006946468e+02
8.026433522257173624e-05 1.676782615801880922e+02
8.504489341802686365e-05 1.773027976788796991e+02
9.011018251665017960e-05 1.874793827301992906e+02
9.547716114208065730e-05 1.982396032562373023e+02
1.011637979766207013e-04 2.096168441462754402e+02
1.071891319205128638e-04 2.216463912690467453e+02
1.135733358343105206e-04 2.343655250375081494e+02
1.203377840777590556e-04 2.478136213908397849e+02
1.275051240713012809e-04 2.620322872765789270e+02
1.350993521198027864e-04 2.770654872445128944e+02
1.431458937523478591e-04 2.929596476937826424e+02
1.516716888470924095e-04 3.097637736108878812e+02
1.607052818261638333e-04 3.275296255829016445e+02
1.702769172225901374e-04 3.463118745734989261e+02
1.804186409392071779e-04 3.661682074618742035e+02
1.911644075385703697e-04 3.871594560520125583e+02
2.025501939230666413e-04 4.093498323853630723e+02
2.146141197858405776e-04 4.328071152257703034e+02
2.273965752357927448e-04 4.576027357343841118e+02
2.409403560239526765e-04 4.838119100157440471e+02
2.552908068239516468e-04 5.115139572412510915e+02
2.704959730463137079e-04 5.407925189649261029e+02
2.866067616948250111e-04 5.717355831906928643e+02
3.036771118035460487e-04 6.044356033327433124e+02
3.217641750250735269e-04 6.389899343692054572e+02
3.409285069746814732e-04 6.755010808127921109e+02
3.612342699709430527e-04 7.140765904396113228e+02
3.827494478516315301e-04 7.548291336657456441e+02
4.055460735840827930e-04 7.978771005806878520e+02
4.297004704320843828e-04 8.433448635320281710e+02
4.552935074866947636e-04 8.913624404429685910e+02
4.824108704165373600e-04 9.420655000445105998e+02
5.111433483440165366e-04 9.955961626676214564e+02
5.415871378079476200e-04 1.052103249308195245e+03
5.738441648302393047e-04 1.111741623495266367e+03
6.080224261649426910e-04 1.174672095770842134e+03
6.442363508721370797e-04 1.241062425526957895e+03
6.826071834272392233e-04 1.311087504366690155e+03
7.232633896483533272e-04 1.384928164058424272e+03
7.663410868007461971e-04 1.462770911022093060e+03
8.119844993184008319e-04 1.544809183820784483e+03
8.603464416684509499e-04 1.631243400267981542e+03
9.115888299750818944e-04 1.722279149958698781e+03
9.658832241158708896e-04 1.818126729487007879e+03
1.023411402105453864e-03 1.919002545058079477e+03
1.084365968689610842e-03 2.025128784746251995e+03
1.148951000187309855e-03 2.136728027296826440e+03
1.217382727739662078e-03 2.254021931948730980e+03
1.289890261253309484e-03 2.377234734703838512e+03
1.366716356462007289e-03 2.506592538376085940e+03
1.448118227674534582e-03 2.642318090604595454e+03
1.534368408930013262e-03 2.784629303985824663e+03
1.625755666443795110e-03 2.933741518105015984e+03
1.722585965398787389e-03 3.089865795021724352e+03
1.825183494319044218e-03 3.253197035899569528e+03
1.933891750455232110e-03 3.423911543650388921e+03
2.049074689815848227e-03 3.602172606033845568e+03
2.171117945694505096e-03 3.788127915399336416e+03
2.300430119772919023e-03 3.981896514598259728e+03
2.437444150122221927e-03 4.183565975045973573e+03
2.582618760682677504e-03 4.393196928460674826e+03
2.736439997074671757e-03 4.610819332159831902e+03
2.899422853882878057e-03 4.836416099164871412e+03
3.072112998861759037e-03 5.069920129970758353e+03
3.255088599835059826e-03 5.311219483539052817e+03
3.448962260405759751e-03 5.560152721215348720e+03
3.654383070957258062e-03 5.816489052171671574e+03
3.872038781812556923e-03 6.079926022386715886e+03
4.102658105827194576e-03 6.350096185316162519e+03
4.347013158125026359e-03 6.626561874948421973e+03
4.605922041145108295e-03 6.908788578119646445e+03
4.880251583654433324e-03 7.196145255247084606e+03
5.170920242896760721e-03 7.487916184778606294e+03
5.478901179593945181e-03 7.783294656808051514e+03
5.805225516094901853e-03 8.081331129445450642e+03
6.150985788580504154e-03 8.380942813949177435e+03
6.517339604882426730e-03 8.680944491492038651e+03
6.905513520162331019e-03 8.980040835808769771e+03
7.316807143427199629e-03 9.276728303537835018e+03
7.752597488629464108e-03 9.569326865983644893e+03
8.214343584919429550e-03 9.856046798616513115e+03
8.703591361485166558e-03 1.013498230603685988e+04
9.221978823334331735e-03 1.040396292406658540e+04
9.771241535346501458e-03 1.066062352633083174e+04
1.035321843295662625e-02 1.090251826752461238e+04
1.096985797892384082e-02 1.112711705713754054e+04
1.162322468679852921e-02 1.133157409449385705e+04
1.231550603292826118e-02 1.151287167857824898e+04
1.304901978014402948e-02 1.166801401303855164e+04
1.382622173764656327e-02 1.179404303984437502e+04
1.464971398307286267e-02 1.188779835582929445e+04
1.552225357427047987e-02 1.194613124335479552e+04
1.644676177994664271e-02 1.196614844327807259e+04
1.742633386009650662e-02 1.194526638120228745e+04
1.846424942895544263e-02 1.188109126764817665e+04
1.956398343517064958e-02 1.177162565000047653e+04
2.072921779595372077e-02 1.161546820044422748e+04
2.196385372416546911e-02 1.141197601700670020e+04
2.327202478960409618e-02 1.116186032575605714e+04
2.465811075822603796e-02 1.086682852594752512e+04
2.612675225563329193e-02 1.052927566962258061e+04
2.768286630392066683e-02 1.015267512328069461e+04
2.933166278390045290e-02 9.743936701161728706e+03
3.107866187782013997e-02 9.311130799042841318e+03
3.292971255097151134e-02 8.861896739909092503e+03
3.489101213406773511e-02 8.404031622967326257e+03
3.696912707195028347e-02 7.949067999946367308e+03
3.917101490809260511e-02 7.508340736999539331e+03
4.150404757850476717e-02 7.090925571978032167e+03
4.397603609302721400e-02 6.703931321680346628e+03
4.659525668664682430e-02 6.352928577084781864e+03
4.937047852839003548e-02 6.041963195566278046e+03
5.231099308056263303e-02 5.770285072161197604e+03
5.542664520663106997e-02 5.532530812093549685e+03
5.872786613189483196e-02 5.318787648122385690e+03
6.222570836730231120e-02 5.115045198261483165e+03
6.593188271333548511e-02 4.904405782289230956e+03
6.985879746785249311e-02 4.669863291734187442e+03
7.401959996915644102e-02 4.398339265698552481e+03
7.842822061337681450e-02 4.085165699822155602e+03
8.309941949353395751e-02 3.737556463540330242e+03
8.804883581643464796e-02 3.374978038767900671e+03
9.329304026284686302e-02 3.025388644715987084e+03
9.884959046625586832e-02 2.717435715090336544e+03
1.047370897959450792e-01 2.471335164797115794e+03
1.109752496412072104e-01 2.291450127260852241e+03
1.175849554052158102e-01 2.163026654145209250e+03
1.245883364295008178e-01 2.054717481749151375e+03
1.320088400831419539e-01 1.929595636295711301e+03
1.398713102647238526e-01 1.764650887891737057e+03
1.482020705798860194e-01 1.567450437082484541e+03
1.570290124729377401e-01 1.373046248964450115e+03
1.663816886076130708e-01 1.219111505251062226e+03
1.762914118095947891e-01 1.117960030074270890e+03
1.867913599020784576e-01 1.047706365725964588e+03
1.979166867853557332e-01 9.695646803305864978e+02
2.097046401323234832e-01 8.644469726582788098e+02
2.221946860939523760e-01 7.549096093722195064e+02
2.354286414322420140e-01 6.716782218026424971e+02
2.494508135230316670e-01 6.164386343173217711e+02
2.643081486974108163e-01 5.627731939789028957e+02
2.800503894183630771e-01 4.974710222024158952e+02
2.967302408188872698e-01 4.380254873075836031e+02
3.144035471591500319e-01 3.954494119583047222e+02
3.331294787934677148e-01 3.560206814953542107e+02
3.529707302730650254e-01 3.139635640034576909e+02
3.739937302478801850e-01 2.791548106597310266e+02
3.962688638701478139e-01 2.498090097746535321e+02
4.198707084443914495e-01 2.208288336976098378e+02
4.448782831127585102e-01 1.958761193184957676e+02
4.713753134116728805e-01 1.738955483700201512e+02
4.994505115855140120e-01 1.535691691445714469e+02
5.291978735958446922e-01 1.359780154227000821e+02
5.607169938205458504e-01 1.200134322158775291e+02
5.941133984965040193e-01 1.059486991581274822e+02
6.294988990221888070e-01 9.337682429746507751e+01
6.669919663030128287e-01 8.226130329450836598e+01
7.067181273927490848e-01 7.238106856361564212e+01
7.488103857590030499e-01 6.364609725621568259e+01
7.934096665797492065e-01 5.591681982925646821e+01
8.406652885618334237e-01 4.908492978555913311e+01
8.907354638610439634e-01 4.305448977915083475e+01
9.437878277775391123e-01 3.773152314395254336e+01
1.000000000000000000e+00 3.303992518723838145e+01
