1.000000000000000082e-05 2.483716120340669420e+01
1.059560179277617057e-05 2.626323202982019112e+01
1.122667773510813544e-05 2.777117594110908172e+01
1.189534067370320835e-05 2.936570029168327167e+01
1.260382929679727389e-05 3.105177572288338084e+01
1.335451562929900141e-05 3.283465819054479340e+01
1.414991297434575937e-05 3.471990542694031490e+01
1.499268432786047117e-05 3.671339442866559466e+01
1.588565129428052877e-05 3.882133961666121280e+01
1.683180353330958413e-05 4.105031216984894371e+01
1.783430876931909215e-05 4.340726035373002389e+01
1.889652339691211472e-05 4.589953090143549019e+01
2.002200371815584479e-05 4.853489214373592375e+01
2.121451784910631934e-05 5.132155824977095904e+01
2.247805833548725246e-05 5.426821492124472712e+01
2.381685551976160786e-05 5.738404663194020117e+01
2.523539170434765982e-05 6.067876505073915183e+01
2.673841615839949297e-05 6.416263925567994875e+01
2.833096101839323942e-05 6.784652721343982762e+01
3.001835813575592089e-05 7.174190881783310658e+01
3.180625692794118915e-05 7.586092237391315507e+01
3.370064329271931777e-05 8.021640247750968911e+01
3.570785964900462521e-05 8.482191971691673871e+01
3.783462617131932846e-05 8.969182257172265338e+01
4.008806328898464845e-05 9.484128231397259867e+01
4.247571552536902605e-05 1.002863401917185655e+02
4.500557675700497562e-05 1.060439562600002432e+02
4.768611697714474431e-05 1.121320607561373208e+02
5.052631065335679548e-05 1.185696111335784337e+02
5.353566677410729675e-05 1.253766510309075244e+02
5.672426068491977794e-05 1.325743706379990385e+02
6.010276782070387642e-05 1.401851702637118819e+02
6.368249944718585675e-05 1.482327319958157830e+02
6.747544053110699554e-05 1.567420931790981911e+02
7.149428986597576249e-05 1.657397199480676591e+02
7.575250258771920673e-05 1.752535848070717464e+02
8.026433522257173624e-05 1.853132576775498706e+02
8.504489341802686365e-05 1.959499973442021599e+02
9.011018251665017960e-05 2.071968398905874267e+02
9.547716114208065730e-05 2.190886926041125946e+02
1.011637979766207013e-04 2.316624500733094294e+02
1.071891319205128638e-04 2.449571075831723022e+02
1.135733358343105206e-04 2.590138643991560912e+02
1.203377840777590556e-04 2.738762352069101667e+02
1.275051240713012809e-04 2.895901999450491644e+02
1.350993521198027864e-04 3.062043436877997920e+02
1.431458937523478591e-04 3.237699716023884093e+02
1.516716888470924095e-04 3.423412376520931844e+02
1.607052818261638333e-04 3.619753404328454849e+02
1.702769172225901374e-04 3.827326941737563288e+02
1.804186409392071779e-04 4.046770448710117876e+02
1.911644075385703697e-04 4.278756122874352172e+02
2.025501939230666413e-04 4.523993504040653875e+02
2.146141197858405776e-04 4.783231534039737767e+02
2.273965752357927448e-04 5.057259493478741774e+02
2.409403560239526765e-04 5.346908455982954820e+02
2.552908068239516468e-04 5.653054811444939105e+02
2.704959730463137079e-04 5.976622687448489160e+02
2.866067616948250111e-04 6.318584195044106764e+02
3.036771118035460487e-04 6.679960724175090263e+02
3.217641750250735269e-04 7.061827778066225392e+02
3.409285069746814732e-04 7.465317708801957224e+02
3.612342699709430527e-04 7.891618504224195476e+02
3.827494478516315301e-04 8.341974631728386385e+02
4.055460735840827930e-04 8.817693661643055520e+02
4.297004704320843828e-04 9.320149159276440969e+02
4.552935074866947636e-04 9.850776892487481291e+02
4.824108704165373600e-04 1.041107483383237650e+03
5.111433483440165366e-04 1.100261205347669147e+03
5.415871378079476200e-04 1.162703145245772703e+03
5.738441648302393047e-04 1.228604236795586985e+03
6.080224261649426910e-04 1.298141943242427942e+03
6.442363508721370797e-04 1.371501370933493718e+03
6.826071834272392233e-04 1.448875468507032110e+03
7.232633896483533272e-04 1.530463692656003786e+03
7.663410868007461971e-04 1.616471702973249194e+03
8.119844993184008319e-04 1.707112758601992482e+03
8.603464416684509499e-04 1.802607765010269759e+03
9.115888299750818944e-04 1.903183264925819230e+03
9.658832241158708896e-04 2.009070912328694249e+03
1.023411402105453864e-03 2.120509021014995142e+03
1.084365968689610842e-03 2.237742197720512650e+03
1.148951000187309855e-03 2.361015425426277488e+03
1.217382727739662078e-03 2.490572606309122420e+03
1.289890261253309484e-03 2.626660386084716720e+03
1.366716356462007289e-03 2.769527373756821817e+03
1.448118227674534582e-03 2.919418581726551110e+03
1.534368408930013262e-03 3.076573808010452012e+03
1.625755666443795110e-03 3.241229981680826313e+03
1.722585965398787389e-03 3.413619318939184268e+03
1.825183494319044218e-03 3.593956861084731827e+03
1.933891750455232110e-03 3.782437834115668920e+03
2.049074689815848227e-03 3.979243391339987284e+03
2.171117945694505096e-03 4.184537870855628171e+03
2.300430119772919023e-03 4.398455681802372965e+03
2.437444150122221927e-03 4.621098265269180047e+03
2.582618760682677504e-03 4.852538331753594321e+03
2.736439997074671757e-03 5.092815896275747036e+03
2.899422853882878057e-03 5.341921541617584808e+03
3.072112998861759037e-03 5.599793192346923206e+03
3.255088599835059826e-03 5.866321136826048132e+03
3.448962260405759751e-03 6.141342888956932256e+03
3.654383070957258062e-03 6.424620049624663807e+03
3.872038781812556923e-03 6.715835916871837071e+03
4.102658105827194576e-03 7.014603761746251621e+03
4.347013158125026359e-03 7.320460796216748349e+03
4.605922041145108295e-03 7.632835038732620887e+03
4.880251583654433324e-03 7.951046081521107226e+03
5.170920242896760721e-03 8.274320380436540290e+03
5.478901179593945181e-03 8.601783573593726032e+03
5.805225516094901853e-03 8.932396051212290331e+03
6.150985788580504154e-03 9.264964591277608633e+03
6.517339604882426730e-03 9.598180378533301337e+03
6.905513520162331019e-03 9.930610790326938513e+03
7.316807143427199629e-03 1.026059510248056358e+04
7.752597488629464108e-03 1.058627791002152480e+04
8.214343584919429550e-03 1.090568015850648771e+04
8.703591361485166558e-03 1.121669230738758233e+04
9.221978823334331735e-03 1.151691404001058254e+04
9.771241535346501458e-03 1.180372956369468193e+04
1.035321843295662625e-02 1.207443090219354599e+04
1.096985797892384082e-02 1.232621473557106401e+04
1.162322468679852921e-02 1.255593463294456706e+04
1.231550603292826118e-02 1.276025545639268967e+04
1.304901978014402948e-02 1.293586236435823957e+04
1.382622173764656327e-02 1.307947716885157934e+04
1.464971398307286267e-02 1.318758746732534928e+04
1.552225357427047987e-02 1.325668421205339473e+04
1.644676177994664271e-02 1.328353370034764339e+04
1.742633386009650662e-02 1.326523191709787716e+04
1.846424942895544263e-02 1.319903184919516389e+04
1.956398343517064958e-02 1.308259686971334668e+04
2.072921779595372077e-02 1.291424761470213889e+04
2.196385372416546911e-02 1.269315317013600725e+04
2.327202478960409618e-02 1.242004510829908577e+04
2.465811075822603796e-02 1.209678889232283109e+04
2.612675225563329193e-02 1.172601397915601410e+04
2.768286630392066683e-02 1.131154040030235774e+04
2.933166278390045290e-02 1.086096424562222273e+04
3.107866187782013997e-02 1.038317273459673379e+04
3.292971255097151134e-02 9.886597305778677764e+03
3.489101213406773511e-02 9.379868590168836818e+03
3.696912707195028347e-02 8.875812011913092647e+03
3.917101490809260511e-02 8.387068717330357686e+03
4.150404757850476717e-02 7.923785102068941342e+03
4.397603609302721400e-02 7.493934025990262853e+03
4.659525668664682430e-02 7.103792464297800507e+03
4.937047852839003548e-02 6.757944873619722784e+03
5.231099308056263303e-02 6.455648477709513827e+03
5.542664520663106997e-02 6.190998963240790545e+03
5.872786613189483196e-02 5.953040629358416481e+03
6.222570836730231120e-02 5.726196981493404564e+03
6.593188271333548511e-02 5.491630049267588220e+03
6.985879746785249311e-02 5.230380032153190768e+03
7.401959996915644102e-02 4.927785037010096858e+03
7.842822061337681450e-02 4.578536814858933212e+03
8.309941949353395751e-02 4.190562242311888440e+03
8.804883581643464796e-02 3.785506078369058741e+03
9.329304026284686302e-02 3.394554394174019308e+03
9.884959046625586832e-02 3.049768341492192576e+03
1.047370897959450792e-01 2.773883564495787596e+03
1.109752496412072104e-01 2.571981185524478860e+03
1.175849554052158102e-01 2.427758175057751941e+03
1.245883364295008178e-01 2.306293421660489457e+03
1.320088400831419539e-01 2.166290917265098869e+03
1.398713102647238526e-01 1.981820346489029589e+03
1.482020705798860194e-01 1.761059860397973125e+03
1.570290124729377401e-01 1.543066372015199704e+03
1.663816886076130708e-01 1.370087776033068849e+03
1.762914118095947891e-01 1.256206417467396022e+03
1.867913599020784576e-01 1.177181816214792207e+03
1.979166867853557332e-01 1.089634673876967099e+03
2.097046401323234832e-01 9.718884598375831274e+02
2.221946860939523760e-01 8.489174929339222899e+02
2.354286414322420140e-01 7.552345658466645091e+02
2.494508135230316670e-01 6.930315501031715257e+02
2.643081486974108163e-01 6.328240292864355752e+02
2.800503894183630771e-01 5.595708499352944045e+02
2.967302408188872698e-01 4.926981641750026029e+02
3.144035471591500319e-01 4.447608787949956195e+02
3.331294787934677148e-01 4.004875359938699262e+02
3.529707302730650254e-01 3.532342156071449040e+02
3.739937302478801850e-01 3.140511995006273764e+02
3.962688638701478139e-01 2.810606460878599933e+02
4.198707084443914495e-01 2.484839989197421630e+02
4.448782831127585102e-01 2.204041925207761778e+02
4.713753134116728805e-01 1.956882820510480769e+02
4.994505115855140120e-01 1.728220923621987026e+02
5.291978735958446922e-01 1.530319834030673576e+02
5.607169938205458504e-01 1.350725718306920271e+02
5.941133984965040193e-01 1.192473979923105105e+02
6.294988990221888070e-01 1.051026212576735475e+02
6.669919663030128287e-01 9.259478484606881921e+01
7.067181273927490848e-01 8.147680790493429015e+01
7.488103857590030499e-01 7.164671824717318316e+01
7.934096665797492065e-01 6.294806931156954022e+01
8.406652885618334237e-01 5.525908234466876223e+01
8.907354638610439634e-01 4.847188191083187547e+01
9.437878277775391123e-01 4.248062019041743298e+01
1.000000000000000000e+00 3.719963882518968035e+01
