1.000000000000000082e-05 2.949923068039963781e+01
1.059560179277617057e-05 3.115817258822414004e+01
1.122667773510813544e-05 3.291039871758633240e+01
1.189534067370320835e-05 3.476116343260002139e+01
1.260382929679727389e-05 3.671600772084490671e+01
1.335451562929900141e-05 3.878078409957943506e+01
1.414991297434575937e-05 4.096167414516018113e+01
1.499268432786047117e-05 4.326520702410809349e+01
1.588565129428052877e-05 4.569827899722010045e+01
1.683180353330958413e-05 4.826817404695159297e+01
1.783430876931909215e-05 5.098258564880813282e+01
1.889652339691211472e-05 5.384963974935264019e+01
2.002200371815584479e-05 5.687791911322001681e+01
2.121451784910631934e-05 6.007648900545024873e+01
2.247805833548725246e-05 6.345492423885210798e+01
2.381685551976160786e-05 6.702333769809560238e+01
2.523539170434765982e-05 7.079241069581490819e+01
2.673841615839949297e-05 7.477342493259757816e+01
2.833096101839323942e-05 7.897829585283594156e+01
3.001835813575592089e-05 8.341960769293898181e+01
3.180625692794118915e-05 8.811065165800012267e+01
3.370064329271931777e-05 9.306546571749149166e+01
3.570785964900462521e-05 9.829887620335492215e+01
3.783462617131932846e-05 1.038265416252633031e+02
4.008806328898464845e-05 1.096649998855330637e+02
4.247571552536902605e-05 1.158317176924044247e+02
4.500557675700497562e-05 1.223451414532218990e+02
4.768611697714474431e-05 1.292247507297108484e+02
5.052631065335679548e-05 1.364911179663191092e+02
5.353566677410729675e-05 1.441659699602719513e+02
5.672426068491977794e-05 1.522722506144379793e+02
6.010276782070387642e-05 1.608341869515928693e+02
6.368249944718585675e-05 1.698773636275429624e+02
6.747544053110699554e-05 1.794287991476406603e+02
7.149428986597576249e-05 1.895170215894432317e+02
7.575250258771920673e-05 2.001721484263298123e+02
8.026433522257173624e-05 2.114259812341180975e+02
8.504489341802686365e-05 2.233121001432609205e+02
9.011018251665017960e-05 2.358659542729668033e+02
9.547716114208065730e-05 2.491249577742724171e+02
1.011637979766207013e-04 2.631286101930868995e+02
1.071891319205128638e-04 2.779186130225734246e+02
1.135733358343105206e-04 2.935389741032901725e+02
1.203377840777590556e-04 3.100361205616362668e+02
1.275051240713012809e-04 3.274590540622877484e+02
1.350993521198027864e-04 3.458594938795279745e+02
1.431458937523478591e-04 3.652919910969420130e+02
1.516716888470924095e-04 3.858140575478638539e+02
1.607052818261638333e-04 4.074863688277459914e+02
1.702769172225901374e-04 4.303729382554925564e+02
1.804186409392071779e-04 4.545412284890090291e+02
1.911644075385703697e-04 4.800622914316390961e+02
2.025501939230666413e-04 5.070110388004770243e+02
2.146141197858405776e-04 5.354664504046621687e+02
2.273965752357927448e-04 5.655116563726019194e+02
2.409403560239526765e-04 5.972340766099102893e+02
2.552908068239516468e-04 6.307257880712774067e+02
2.704959730463137079e-04 6.660837677911380297e+02
2.866067616948250111e-04 7.034098939821764134e+02
3.036771118035460487e-04 7.428110636496132884e+02
3.217641750250735269e-04 7.843996986980962447e+02
3.409285069746814732e-04 8.282940178046951587e+02
3.612342699709430527e-04 8.746178724815021042e+02
3.827494478516315301e-04 9.235008112564821658e+02
4.055460735840827930e-04 9.750787759400362802e+02
4.297004704320843828e-04 1.029494384848774416e+03
4.552935074866947636e-04 1.086896483284227088e+03
4.824108704165373600e-04 1.147440113346448015e+03
5.111433483440165366e-04 1.211287451743817883e+03
5.415871378079476200e-04 1.278608070696246386e+03
5.738441648302393047e-04 1.349578095679154103e+03
6.080224261649426910e-04 1.424380050874038488e+03
6.442363508721370797e-04 1.503204034671501176e+03
6.826071834272392233e-04 1.586247896927808370e+03
7.232633896483533272e-04 1.673715752679029720e+03
7.663410868007461971e-04 1.765817624141169745e+03
8.119844993184008319e-04 1.862770921464106095e+03
8.603464416684509499e-04 1.964800455570588383e+03
9.115888299750818944e-04 2.072136219457843254e+03
9.658832241158708896e-04 2.185012797842328382e+03
1.023411402105453864e-03 2.303671022372252537e+03
1.084365968689610842e-03 2.428357540775557936e+03
1.148951000187309855e-03 2.559318323890699503e+03
1.217382727739662078e-03 2.696797098744963478e+03
1.289890261253309484e-03 2.841039536327237329e+03
1.366716356462007289e-03 2.992292390100331886e+03
1.448118227674534582e-03 3.150797259920771921e+03
1.534368408930013262e-03 3.316788854947146319e+03
1.625755666443795110e-03 3.490497720294058581e+03
1.722585965398787389e-03 3.672148231512966049e+03
1.825183494319044218e-03 3.861944519020287771e+03
1.933891750455232110e-03 4.060067687946269871e+03
2.049074689815848227e-03 4.266682556997869142e+03
2.171117945694505096e-03 4.481934694123467125e+03
2.300430119772919023e-03 4.705935094011820183e+03
2.437444150122221927e-03 4.938757037734452751e+03
2.582618760682677504e-03 5.180441645485361732e+03
2.736439997074671757e-03 5.430993655961975492e+03
2.899422853882878057e-03 5.690362368468508066e+03
3.072112998861759037e-03 5.958438463650565609e+03
3.255088599835059826e-03 6.235060401523618566e+03
3.448962260405759751e-03 6.520009254221680749e+03
3.654383070957258062e-03 6.812985772003628881e+03
3.872038781812556923e-03 7.113608130108541445e+03
4.102658105827194576e-03 7.421420189193712758e+03
4.347013158125026359e-03 7.735885812671202075e+03
4.605922041145108295e-03 8.056358268026971928e+03
4.880251583654433324e-03 8.382081224087871306e+03
5.170920242896760721e-03 8.712203151554855140e+03
5.478901179593945181e-03 9.045770534220275295e+03
5.805225516094901853e-03 9.381668262965569738e+03
6.150985788580504154e-03 9.718631664248456218e+03
6.517339604882426730e-03 1.005528304405211566e+04
6.905513520162331019e-03 1.039012345134821226e+04
7.316807143427199629e-03 1.072141998326632165e+04
7.752597488629464108e-03 1.104724374167921269e+04
8.214343584919429550e-03 1.136554796705209992e+04
8.703591361485166558e-03 1.167416137695295765e+04
9.221978823334331735e-03 1.197061791226997411e+04
9.771241535346501458e-03 1.225223886760514324e+04
1.035321843295662625e-02 1.251626491732675458e+04
1.096985797892384082e-02 1.275985255523605701e+04
1.162322468679852921e-02 1.297980946612298067e+04
1.231550603292826118e-02 1.317276105157060920e+04
1.304901978014402948e-02 1.333537298682786968e+04
1.382622173764656327e-02 1.346436911453711582e+04
1.464971398307286267e-02 1.355625738276756420e+04
1.552225357427047987e-02 1.360757488849410402e+04
1.644676177994664271e-02 1.361516512544891702e+04
1.742633386009650662e-02 1.357623794827672464e+04
1.846424942895544263e-02 1.348823144966605105e+04
1.956398343517064958e-02 1.334904495246844817e+04
2.072921779595372077e-02 1.315726277573765401e+04
2.196385372416546911e-02 1.291233407856459780e+04
2.327202478960409618e-02 1.261524132112207371e+04
2.465811075822603796e-02 1.226808760424128923e+04
2.612675225563329193e-02 1.187374249009212690e+04
2.768286630392066683e-02 1.143627775305262185e+04
2.933166278390045290e-02 1.096361394435240072e+04
3.107866187782013997e-02 1.046494098127745565e+04
3.292971255097151134e-02 9.948924074829999881e+03
3.489101213406773511e-02 9.424366884819188272e+03
3.696912707195028347e-02 8.904218205269795362e+03
3.917101490809260511e-02 8.401147903567050889e+03
4.150404757850476717e-02 7.925244323462306966e+03
4.397603609302721400e-02 7.484354755492709046e+03
4.659525668664682430e-02 7.084575882455219471e+03
4.937047852839003548e-02 6.730278478604742304e+03
5.231099308056263303e-02 6.420477134730003854e+03
5.542664520663106997e-02 6.149063118633400336e+03
5.872786613189483196e-02 5.904903934685753484e+03
6.222570836730231120e-02 5.672372411332261436e+03
6.593188271333548511e-02 5.432712611378118709e+03
6.985879746785249311e-02 5.167132261175986969e+03
7.401959996915644102e-02 4.861264059218676266e+03
7.842822061337681450e-02 4.510090314914453302e+03
8.309941949353395751e-02 4.121719184055874393e+03
8.804883581643464796e-02 3.717719881070944666e+03
9.329304026284686302e-02 3.328909285709472897e+03
9.884959046625586832e-02 2.986724348696870948e+03
1.047370897959450792e-01 2.713204868365090533e+03
1.109752496412072104e-01 2.512907043332123976e+03
1.175849554052158102e-01 2.369424968815233115e+03
1.245883364295008178e-01 2.248269044697392474e+03
1.320088400831419539e-01 2.109004705254253622e+03
1.398713102647238526e-01 1.926571425804625051e+03
1.482020705798860194e-01 1.709366578495760905e+03
1.570290124729377401e-01 1.495690146291268093e+03
1.663816886076130708e-01 1.326523572177980441e+03
1.762914118095947891e-01 1.215102442695033915e+03
1.867913599020784576e-01 1.137473467675126130e+03
1.979166867853557332e-01 1.051461933692137109e+03
2.097046401323234832e-01 9.364189657135566449e+02
2.221946860939523760e-01 8.168491704767474175e+02
2.354286414322420140e-01 7.259776676899205086e+02
2.494508135230316670e-01 6.655289000576107128e+02
2.643081486974108163e-01 6.069117530078905247e+02
2.800503894183630771e-01 5.358892045638933723e+02
2.967302408188872698e-01 4.713263032672917348e+02
3.144035471591500319e-01 4.250385340877679141e+02
3.331294787934677148e-01 3.822325550990307761e+02
3.529707302730650254e-01 3.367028342504259513e+02
3.739937302478801850e-01 2.990389186221964906e+02
3.962688638701478139e-01 2.673041924533119982e+02
4.198707084443914495e-01 2.360307175213745268e+02
4.448782831127585102e-01 2.091266181875564314e+02
4.713753134116728805e-01 1.854519324281205002e+02
4.994505115855140120e-01 1.635919799235471714e+02
5.291978735958446922e-01 1.446910765050641885e+02
5.607169938205458504e-01 1.275610193022244374e+02
5.941133984965040193e-01 1.124860920491859417e+02
6.294988990221888070e-01 9.902785571286821664e+01
6.669919663030128287e-01 8.714228363720066284e+01
7.067181273927490848e-01 7.659023756281989392e+01
7.488103857590030499e-01 6.727214564980934597e+01
7.934096665797492065e-01 5.903655960247533585e+01
8.406652885618334237e-01 5.176566845750593870e+01
8.907354638610439634e-01 4.535520922885091011e+01
9.437878277775391123e-01 3.970344032839234671e+01
1.000000000000000000e+00 3.472785294413606749e+01
