1.000000000000000082e-05 2.483711674344783660e+01
1.059560179277617057e-05 2.626318494235071554e+01
1.122667773510813544e-05 2.777112560173779698e+01
1.189534067370320835e-05 2.936564659330368698e+01
1.260382929679727389e-05 3.105171866757486754e+01
1.335451562929900141e-05 3.283459791461224597e+01
1.414991297434575937e-05 3.471984212906248501e+01
1.499268432786047117e-05 3.671332810419600889e+01
1.588565129428052877e-05 3.882126995870947184e+01
1.683180353330958413e-05 4.105023849890220333e+01
1.783430876931909215e-05 4.340718173982448036e+01
1.889652339691211472e-05 4.589944664345421188e+01
2.002200371815584479e-05 4.853480192130802351e+01
2.121451784910631934e-05 5.132146222078304731e+01
2.247805833548725246e-05 5.426811360925916716e+01
2.381685551976160786e-05 5.738394045357883755e+01
2.523539170434765982e-05 6.067865419559721119e+01
2.673841615839949297e-05 6.416252362359027472e+01
2.833096101839323942e-05 6.784640646723531177e+01
3.001835813575592089e-05 7.174178262038815035e+01
3.180625692794118915e-05 7.586079043343349326e+01
3.370064329271931777e-05 8.021626456197361676e+01
3.570785964900462521e-05 8.482177566882396036e+01
3.783462617131932846e-05 8.969167232350133645e+01
4.008806328898464845e-05 9.484112590836207346e+01
4.247571552536902605e-05 1.002861778050911283e+02
4.500557675700497562e-05 1.060437882098555633e+02
4.768611697714474431e-05 1.121318874914028072e+02
5.052631065335679548e-05 1.185694332519341430e+02
5.353566677410729675e-05 1.253764693014186662e+02
5.672426068491977794e-05 1.325741860248196815e+02
6.010276782070387642e-05 1.401849839574109922e+02
6.368249944718585675e-05 1.482325454466485155e+02
6.747544053110699554e-05 1.567419081336612692e+02
7.149428986597576249e-05 1.657395385830718908e+02
7.575250258771920673e-05 1.752534099823411964e+02
8.026433522257173624e-05 1.853130930747717571e+02
8.504489341802686365e-05 1.959498476025077878e+02
9.011018251665017960e-05 2.071967107004246600e+02
9.547716114208065730e-05 2.190885907869069626e+02
1.011637979766207013e-04 2.316623837370070760e+02
1.071891319205128638e-04 2.449570863014966164e+02
1.135733358343105206e-04 2.590138996016839315e+02
1.203377840777590556e-04 2.738763408116515166e+02
1.275051240713012809e-04 2.895903927785425367e+02
1.350993521198027864e-04 3.062046439199660881e+02
1.431458937523478591e-04 3.237704033698733497e+02
1.516716888470924095e-04 3.423418299418399897e+02
1.607052818261638333e-04 3.619761278341813409e+02
1.702769172225901374e-04 3.827337176901791054e+02
1.804186409392071779e-04 4.046783532981545477e+02
1.911644075385703697e-04 4.278772642129012524e+02
2.025501939230666413e-04 4.524014157477737967e+02
2.146141197858405776e-04 4.783257150665957624e+02
2.273965752357927448e-04 5.057291058015137537e+02
2.409403560239526765e-04 5.346947144956947113e+02
2.552908068239516468e-04 5.653102022547832348e+02
2.704959730463137079e-04 5.976680071323339689e+02
2.866067616948250111e-04 6.318653707649439184e+02
3.036771118035460487e-04 6.680044698635015266e+02
3.217641750250735269e-04 7.061928981963500291e+02
3.409285069746814732e-04 7.465439406326094058e+02
3.612342699709430527e-04 7.891764556061318672e+02
3.827494478516315301e-04 8.342149627940674463e+02
4.055460735840827930e-04 8.817903030170045895e+02
4.297004704320843828e-04 9.320399284429372528e+02
4.552935074866947636e-04 9.851075306661525701e+02
4.824108704165373600e-04 1.041143046560141784e+03
5.111433483440165366e-04 1.100303543124959788e+03
5.415871378079476200e-04 1.162753492685650599e+03
5.738441648302393047e-04 1.228664044107893460e+03
6.080224261649426910e-04 1.298212916679653517e+03
6.442363508721370797e-04 1.371585508490350549e+03
6.826071834272392233e-04 1.448975099278482276e+03
7.232633896483533272e-04 1.530581538748648427e+03
7.663410868007461971e-04 1.616610954905797144e+03
8.119844993184008319e-04 1.707277139079363906e+03
8.603464416684509499e-04 1.802801596632423752e+03
9.115888299750818944e-04 1.903411518926885947e+03
9.658832241158708896e-04 2.009339261807674575e+03
1.023411402105453864e-03 2.120823919227977058e+03
1.084365968689610842e-03 2.238110967377140696e+03
1.148951000187309855e-03 2.361446445168913215e+03
1.217382727739662078e-03 2.491075533570049629e+03
1.289890261253309484e-03 2.627246315816693823e+03
1.366716356462007289e-03 2.770208977428271282e+03
1.448118227674534582e-03 2.920209721055121918e+03
1.534368408930013262e-03 3.077489089593578228e+03
1.625755666443795110e-03 3.242284697552024681e+03
1.722585965398787389e-03 3.414829368719210379e+03
1.825183494319044218e-03 3.595338367986988942e+03
1.933891750455232110e-03 3.784006732913291671e+03
2.049074689815848227e-03 3.981015180187579062e+03
2.171117945694505096e-03 4.186527238174347076e+03
2.300430119772919023e-03 4.400674619322225226e+03
2.437444150122221927e-03 4.623554100210457364e+03
2.582618760682677504e-03 4.855232672422033829e+03
2.736439997074671757e-03 5.095743425542625118e+03
2.899422853882878057e-03 5.345067558939742412e+03
3.072112998861759037e-03 5.603131098392019339e+03
3.255088599835059826e-03 5.869810543393885382e+03
3.448962260405759751e-03 6.144927725555812685e+03
3.654383070957258062e-03 6.428227920712223749e+03
3.872038781812556923e-03 6.719377292376267178e+03
4.102658105827194576e-03 7.017970232310031861e+03
4.347013158125026359e-03 7.323523602636300893e+03
4.605922041145108295e-03 7.635447523387661931e+03
4.880251583654433324e-03 7.953045697921013016e+03
5.170920242896760721e-03 8.275528371513835737e+03
5.478901179593945181e-03 8.602005390857668317e+03
5.805225516094901853e-03 8.931429261117264105e+03
6.150985788580504154e-03 9.262605661491596038e+03
6.517339604882426730e-03 9.594227279201379133e+03
6.905513520162331019e-03 9.924865414589314241e+03
7.316807143427199629e-03 1.025286264019491682e+04
7.752597488629464108e-03 1.057636753944840530e+04
8.214343584919429550e-03 1.089340781679903375e+04
8.703591361485166558e-03 1.120188333845632769e+04
9.221978823334331735e-03 1.149940336424636007e+04
9.771241535346501458e-03 1.178336326319241380e+04
1.035321843295662625e-02 1.205106937232624296e+04
1.096985797892384082e-02 1.229973542861552414e+04
1.162322468679852921e-02 1.252623124558888776e+04
1.231550603292826118e-02 1.272723929733089062e+04
1.304901978014402948e-02 1.289946568994732479e+04
1.382622173764656327e-02 1.303965775601598034e+04
1.464971398307286267e-02 1.314434373455927744e+04
1.552225357427047987e-02 1.321006549791897851e+04
1.644676177994664271e-02 1.323364363253196461e+04
1.742633386009650662e-02 1.321223793427056626e+04
1.846424942895544263e-02 1.314322617510883538e+04
1.956398343517064958e-02 1.302442321785385138e+04
2.072921779595372077e-02 1.285429293580325430e+04
2.196385372416546911e-02 1.263212744681456206e+04
2.327202478960409618e-02 1.235871468545644893e+04
2.465811075822603796e-02 1.203593478032040548e+04
2.612675225563329193e-02 1.166641253350655825e+04
2.768286630392066683e-02 1.125394720129666166e+04
2.933166278390045290e-02 1.080611151740360401e+04
3.107866187782013997e-02 1.033175330650042088e+04
3.292971255097151134e-02 9.839246511532352088e+03
3.489101213406773511e-02 9.337127708298246944e+03
3.696912707195028347e-02 8.837970168188230673e+03
3.917101490809260511e-02 8.354140995797444702e+03
4.150404757850476717e-02 7.895572756588529955e+03
4.397603609302721400e-02 7.470034659121698496e+03
4.659525668664682430e-02 7.083523851325710893e+03
4.937047852839003548e-02 6.740375093790820756e+03
5.231099308056263303e-02 6.439610787239258570e+03
5.542664520663106997e-02 6.175239186758642973e+03
5.872786613189483196e-02 5.936285325331240529e+03
6.222570836730231120e-02 5.707316101809888096e+03
6.593188271333548511e-02 5.469863402732272334e+03
6.985879746785249311e-02 5.205560508856297020e+03
7.401959996915644102e-02 4.900522876141611960e+03
7.842822061337681450e-02 4.550269371036863959e+03
8.309941949353395751e-02 4.163319009017660392e+03
8.804883581643464796e-02 3.761466800846762908e+03
9.329304026284686302e-02 3.375426836101089521e+03
9.884959046625586832e-02 3.036282916175276114e+03
1.047370897959450792e-01 2.765440883432462670e+03
1.109752496412072104e-01 2.566778537099585265e+03
1.175849554052158102e-01 2.423182481311314405e+03
1.245883364295008178e-01 2.299790166104104628e+03
1.320088400831419539e-01 2.156561318871818003e+03
1.398713102647238526e-01 1.969759419340969998e+03
1.482020705798860194e-01 1.749398574394477691e+03
1.570290124729377401e-01 1.534535797801803710e+03
1.663816886076130708e-01 1.365501002773842856e+03
1.762914118095947891e-01 1.253918490362206512e+03
1.867913599020784576e-01 1.174327369709258846e+03
1.979166867853557332e-01 1.084601144440906864e+03
2.097046401323234832e-01 9.660074938826776361e+02
2.221946860939523760e-01 8.446874545806261949e+02
2.354286414322420140e-01 7.531669670202330735e+02
2.494508135230316670e-01 6.913121095630515356e+02
2.643081486974108163e-01 6.300232274930538097e+02
2.800503894183630771e-01 5.566829873057614577e+02
2.967302408188872698e-01 4.910024447136837580e+02
3.144035471591500319e-01 4.434854181890476639e+02
3.331294787934677148e-01 3.987709230488991921e+02
3.529707302730650254e-01 3.517694781032794253e+02
3.739937302478801850e-01 3.130711595792400317e+02
3.962688638701478139e-01 2.799872403242607106e+02
4.198707084443914495e-01 2.475340107951374193e+02
4.448782831127585102e-01 2.196674839237263086e+02
4.713753134116728805e-01 1.949555836804773321e+02
4.994505115855140120e-01 1.722229899824847337e+02
5.291978735958446922e-01 1.524918959855366722e+02
5.607169938205458504e-01 1.346020154436344853e+02
5.941133984965040193e-01 1.188360967233936947e+02
6.294988990221888070e-01 1.047422503707870618e+02
6.669919663030128287e-01 9.227968934980764004e+01
7.067181273927490848e-01 8.120195505337328257e+01
7.488103857590030499e-01 7.140683386715620884e+01
7.934096665797492065e-01 6.273884547343217122e+01
8.406652885618334237e-01 5.507696704942006960e+01
8.907354638610439634e-01 4.831311781566617469e+01
9.437878277775391123e-01 4.234221387582795160e+01
1.000000000000000000e+00 3.707928672786002267e+01
