1.000000000000000082e-05 2.671494499882567553e+01
1.059560179277617057e-05 2.824882947157214730e+01
1.122667773510813544e-05 2.987077852878224249e+01
1.189534067370320835e-05 3.158585363150415759e+01
1.260382929679727389e-05 3.339940123168329933e+01
1.335451562929900141e-05 3.531707467544403301e+01
1.414991297434575937e-05 3.734485192568180167e+01
1.499268432786047117e-05 3.948905424143323017e+01
1.588565129428052877e-05 4.175636576862390115e+01
1.683180353330958413e-05 4.415385435489847055e+01
1.783430876931909215e-05 4.668899337636533886e+01
1.889652339691211472e-05 4.936968493584561912e+01
2.002200371815584479e-05 5.220428465465164436e+01
2.121451784910631934e-05 5.520162770778242134e+01
2.247805833548725246e-05 5.837105641306519033e+01
2.381685551976160786e-05 6.172244935206484939e+01
2.523539170434765982e-05 6.526625206797145040e+01
2.673841615839949297e-05 6.901350956291334171e+01
2.833096101839323942e-05 7.297589998489242191e+01
3.001835813575592089e-05 7.716577075971815702e+01
3.180625692794118915e-05 8.159617759464572373e+01
3.370064329271931777e-05 8.628092509255326092e+01
3.570785964900462521e-05 9.123460922262340489e+01
3.783462617131932846e-05 9.647266258065630495e+01
4.008806328898464845e-05 1.020114027151062146e+02
4.247571552536902605e-05 1.078680827558956707e+02
4.500557675700497562e-05 1.140609432113639201e+02
4.768611697714474431e-05 1.206092682321471159e+02
5.052631065335679548e-05 1.275334467970258885e+02
5.353566677410729675e-05 1.348550358200136259e+02
5.672426068491977794e-05 1.425968240989906235e+02
6.010276782070387642e-05 1.507829024436378234e+02
6.368249944718585675e-05 1.594387402591415253e+02
6.747544053110699554e-05 1.685912639613125634e+02
7.149428986597576249e-05 1.782689338829460723e+02
7.575250258771920673e-05 1.885018314089821274e+02
8.026433522257173624e-05 1.993217559318824215e+02
8.504489341802686365e-05 2.107623219512181549e+02
9.011018251665017960e-05 2.228590498777559219e+02
9.547716114208065730e-05 2.356494741904649004e+02
1.011637979766207013e-04 2.491732663919518984e+02
1.071891319205128638e-04 2.634723544874085519e+02
1.135733358343105206e-04 2.785910261462875042e+02
1.203377840777590556e-04 2.945760627818150397e+02
1.275051240713012809e-04 3.114768963670314861e+02
1.350993521198027864e-04 3.293457549109641604e+02
1.431458937523478591e-04 3.482377708432717895e+02
1.516716888470924095e-04 3.682111471441797335e+02
1.607052818261638333e-04 3.893273592094756737e+02
1.702769172225901374e-04 4.116513289575798922e+02
1.804186409392071779e-04 4.352515214260603216e+02
1.911644075385703697e-04 4.602001508762218691e+02
2.025501939230666413e-04 4.865734429817464957e+02
2.146141197858405776e-04 5.144518373095593233e+02
2.273965752357927448e-04 5.439200365987287569e+02
2.409403560239526765e-04 5.750672635510510418e+02
2.552908068239516468e-04 6.079876043183618322e+02
2.704959730463137079e-04 6.427802328559719172e+02
2.866067616948250111e-04 6.795493470690114464e+02
3.036771118035460487e-04 7.184044912625811321e+02
3.217641750250735269e-04 7.594610081573076741e+02
3.409285069746814732e-04 8.028402677192078727e+02
3.612342699709430527e-04 8.486693868015145199e+02
3.827494478516315301e-04 8.970816369037589766e+02
4.055460735840827930e-04 9.482170332168149116e+02
4.297004704320843828e-04 1.002222533956458960e+03
4.552935074866947636e-04 1.059251401149183039e+03
4.824108704165373600e-04 1.119463715783988619e+03
5.111433483440165366e-04 1.183027123677637974e+03
5.415871378079476200e-04 1.250116955716643361e+03
5.738441648302393047e-04 1.320915112576686624e+03
6.080224261649426910e-04 1.395610691531708881e+03
6.442363508721370797e-04 1.474400862112920095e+03
6.826071834272392233e-04 1.557490817199094181e+03
7.232633896483533272e-04 1.645091906628153083e+03
7.663410868007461971e-04 1.737422403899143092e+03
8.119844993184008319e-04 1.834708512484467747e+03
8.603464416684509499e-04 1.937184044329839708e+03
9.115888299750818944e-04 2.045087678333919484e+03
9.658832241158708896e-04 2.158663825438020467e+03
1.023411402105453864e-03 2.278163649818578051e+03
1.084365968689610842e-03 2.403843772378498670e+03
1.148951000187309855e-03 2.535958609387258548e+03
1.217382727739662078e-03 2.674762640517460113e+03
1.289890261253309484e-03 2.820512732843676986e+03
1.366716356462007289e-03 2.973466285544582661e+03
1.448118227674534582e-03 3.133873669323984814e+03
1.534368408930013262e-03 3.301979791495497011e+03
1.625755666443795110e-03 3.478025322350968054e+03
1.722585965398787389e-03 3.662242746683790301e+03
1.825183494319044218e-03 3.854840366751143392e+03
1.933891750455232110e-03 4.056006638836179263e+03
2.049074689815848227e-03 4.265913143059984577e+03
2.171117945694505096e-03 4.484709338542499609e+03
2.300430119772919023e-03 4.712505333962481018e+03
2.437444150122221927e-03 4.949375750050337956e+03
2.582618760682677504e-03 5.195361479694033733e+03
2.736439997074671757e-03 5.450462715194775228e+03
2.899422853882878057e-03 5.714618127138543059e+03
3.072112998861759037e-03 5.987709846070616550e+03
3.255088599835059826e-03 6.269565201511817577e+03
3.448962260405759751e-03 6.559948222778201853e+03
3.654383070957258062e-03 6.858535311878890752e+03
3.872038781812556923e-03 7.164922525853158731e+03
4.102658105827194576e-03 7.478628213644107745e+03
4.347013158125026359e-03 7.799082572229526704e+03
4.605922041145108295e-03 8.125595486344746860e+03
4.880251583654433324e-03 8.457371154135389588e+03
5.170920242896760721e-03 8.793514849689416224e+03
5.478901179593945181e-03 9.133016021118695789e+03
5.805225516094901853e-03 9.474686850981433963e+03
6.150985788580504154e-03 9.817203044998004771e+03
6.517339604882426730e-03 1.015912444809971021e+04
6.905513520162331019e-03 1.049886528636632829e+04
7.316807143427199629e-03 1.083457827305431420e+04
7.752597488629464108e-03 1.116425031593284621e+04
8.214343584919429550e-03 1.148575015760473798e+04
8.703591361485166558e-03 1.179678647671571343e+04
9.221978823334331735e-03 1.209473890991849112e+04
9.771241535346501458e-03 1.237682882778257590e+04
1.035321843295662625e-02 1.264020340035768095e+04
1.096985797892384082e-02 1.288187181834978765e+04
1.162322468679852921e-02 1.309844954226022855e+04
1.231550603292826118e-02 1.328646645553228154e+04
1.304901978014402948e-02 1.344251295948271581e+04
1.382622173764656327e-02 1.356318557881469314e+04
1.464971398307286267e-02 1.364483338522904523e+04
1.552225357427047987e-02 1.368396290301470435e+04
1.644676177994664271e-02 1.367742944094992527e+04
1.742633386009650662e-02 1.362243977780586465e+04
1.846424942895544263e-02 1.351642288388427551e+04
1.956398343517064958e-02 1.335738766843406847e+04
2.072921779595372077e-02 1.314409236238140875e+04
2.196385372416546911e-02 1.287635747658723449e+04
2.327202478960409618e-02 1.255560722984820131e+04
2.465811075822603796e-02 1.218424683219919643e+04
2.612675225563329193e-02 1.176548805543630624e+04
2.768286630392066683e-02 1.130447088691249883e+04
2.933166278390045290e-02 1.081025827574351206e+04
3.107866187782013997e-02 1.029225137339063440e+04
3.292971255097151134e-02 9.759245409029637813e+03
3.489101213406773511e-02 9.221330055211503350e+03
3.696912707195028347e-02 8.692746030492371574e+03
3.917101490809260511e-02 8.185957523438923999e+03
4.150404757850476717e-02 7.710709713552651920e+03
4.397603609302721400e-02 7.274637459487139495e+03
4.659525668664682430e-02 6.883734744498236978e+03
4.937047852839003548e-02 6.541843469482456385e+03
5.231099308056263303e-02 6.246172885420382045e+03
5.542664520663106997e-02 5.989488618142047926e+03
5.872786613189483196e-02 5.758904548496236202e+03
6.222570836730231120e-02 5.537042036326804919e+03
6.593188271333548511e-02 5.303669506886050840e+03
6.985879746785249311e-02 5.039274415400289399e+03
7.401959996915644102e-02 4.729934000226151511e+03
7.842822061337681450e-02 4.372566461784978856e+03
8.309941949353395751e-02 3.978377094192743698e+03
8.804883581643464796e-02 3.572487335146041914e+03
9.329304026284686302e-02 3.188268917985500593e+03
9.884959046625586832e-02 2.857766247964383183e+03
1.047370897959450792e-01 2.601185923542277123e+03
1.109752496412072104e-01 2.419401086230200690e+03
1.175849554052158102e-01 2.291284927179218812e+03
1.245883364295008178e-01 2.178228579823951350e+03
1.320088400831419539e-01 2.038655695932163781e+03
1.398713102647238526e-01 1.851335177849084175e+03
1.482020705798860194e-01 1.631913415974227064e+03
1.570290124729377401e-01 1.423941750917441823e+03
1.663816886076130708e-01 1.267329736708716382e+03
1.762914118095947891e-01 1.168889433310631375e+03
1.867913599020784576e-01 1.097962059081463167e+03
1.979166867853557332e-01 1.010523843523621849e+03
2.097046401323234832e-01 8.933551538629847073e+02
2.221946860939523760e-01 7.778401279620425157e+02
2.354286414322420140e-01 6.953471954583801562e+02
2.494508135230316670e-01 6.403718615972489943e+02
2.643081486974108163e-01 5.816600934068438846e+02
2.800503894183630771e-01 5.108696150411859662e+02
2.967302408188872698e-01 4.507593400708939839e+02
3.144035471591500319e-01 4.080689994643026921e+02
3.331294787934677148e-01 3.657263645665069589e+02
3.529707302730650254e-01 3.216603834939966760e+02
3.739937302478801850e-01 2.866606607872299151e+02
3.962688638701478139e-01 2.559595902882243195e+02
4.198707084443914495e-01 2.258127809110614805e+02
4.448782831127585102e-01 2.004247828409765191e+02
4.713753134116728805e-01 1.775812651690363850e+02
4.994505115855140120e-01 1.567515516692087658e+02
5.291978735958446922e-01 1.386683972331030645e+02
5.607169938205458504e-01 1.222696588361847887e+02
5.941133984965040193e-01 1.078668769918766230e+02
6.294988990221888070e-01 9.499116879393989166e+01
6.669919663030128287e-01 8.361616602152749067e+01
7.067181273927490848e-01 7.351886333609338919e+01
7.488103857590030499e-01 6.460146065722047126e+01
7.934096665797492065e-01 5.671520647005680615e+01
8.406652885618334237e-01 4.975221466477150045e+01
8.907354638610439634e-01 4.361015325406668097e+01
9.437878277775391123e-01 3.819255937628153674e+01
1.000000000000000000e+00 3.342379741287760453e+01
