1.000000000000000082e-05 2.483712607098931713e+01
1.059560179277617057e-05 2.626319493763067925e+01
1.122667773510813544e-05 2.777113722387965566e+01
1.189534067370320835e-05 2.936565981455600394e+01
1.260382929679727389e-05 3.105173327100808933e+01
1.335451562929900141e-05 3.283461345264292675e+01
1.414991297434575937e-05 3.471985802161618295e+01
1.499268432786047117e-05 3.671334401614208076e+01
1.588565129428052877e-05 3.882128593519589543e+01
1.683180353330958413e-05 4.105025505875352110e+01
1.783430876931909215e-05 4.340719975023635158e+01
1.889652339691211472e-05 4.589946678844724204e+01
2.002200371815584479e-05 4.853482454765990184e+01
2.121451784910631934e-05 5.132148724869442447e+01
2.247805833548725246e-05 5.426814061961275826e+01
2.381685551976160786e-05 5.738396907804409608e+01
2.523539170434765982e-05 6.067868420718055233e+01
2.673841615839949297e-05 6.416255497726959334e+01
2.833096101839323942e-05 6.784643927847623956e+01
3.001835813575592089e-05 7.174181704531113724e+01
3.180625692794118915e-05 7.586082665450653906e+01
3.370064329271931777e-05 8.021630279161563237e+01
3.570785964900462521e-05 8.482181613387476204e+01
3.783462617131932846e-05 8.969171522245203221e+01
4.008806328898464845e-05 9.484117139589029932e+01
4.247571552536902605e-05 1.002862259796432909e+02
4.500557675700497562e-05 1.060438391371570788e+02
4.768611697714474431e-05 1.121319412750464579e+02
5.052631065335679548e-05 1.185694900519132347e+02
5.353566677410729675e-05 1.253765293462864747e+02
5.672426068491977794e-05 1.325742495932452130e+02
6.010276782070387642e-05 1.401850513231326829e+02
6.368249944718585675e-05 1.482326168663906856e+02
6.747544053110699554e-05 1.567419838400064123e+02
7.149428986597576249e-05 1.657396187920133457e+02
7.575250258771920673e-05 1.752534949167886680e+02
8.026433522257173624e-05 1.853131829674923381e+02
8.504489341802686365e-05 1.959499426967091438e+02
9.011018251665017960e-05 2.071968112611057791e+02
9.547716114208065730e-05 2.190886971229020048e+02
1.011637979766207013e-04 2.316624962106604073e+02
1.071891319205128638e-04 2.449572053375253233e+02
1.135733358343105206e-04 2.590140256699829706e+02
1.203377840777590556e-04 2.738764743868745200e+02
1.275051240713012809e-04 2.895905343313970093e+02
1.350993521198027864e-04 3.062047939117276769e+02
1.431458937523478591e-04 3.237705622892547694e+02
1.516716888470924095e-04 3.423419983760772993e+02
1.607052818261638333e-04 3.619763064927953451e+02
1.702769172225901374e-04 3.827339074252382147e+02
1.804186409392071779e-04 4.046785550629766703e+02
1.911644075385703697e-04 4.278774789766279127e+02
2.025501939230666413e-04 4.524016444787878299e+02
2.146141197858405776e-04 4.783259587223003564e+02
2.273965752357927448e-04 5.057293654048524445e+02
2.409403560239526765e-04 5.346949912677052907e+02
2.552908068239516468e-04 5.653104976580524408e+02
2.704959730463137079e-04 5.976683229100447079e+02
2.866067616948250111e-04 6.318657089252642436e+02
3.036771118035460487e-04 6.680048326347475722e+02
3.217641750250735269e-04 7.061932880442611804e+02
3.409285069746814732e-04 7.465443602898540121e+02
3.612342699709430527e-04 7.891769083001257741e+02
3.827494478516315301e-04 8.342154525781805887e+02
4.055460735840827930e-04 8.817908349296803863e+02
4.297004704320843828e-04 9.320405086588078802e+02
4.552935074866947636e-04 9.851081662435780117e+02
4.824108704165373600e-04 1.041143745020903452e+03
5.111433483440165366e-04 1.100304312420602628e+03
5.415871378079476200e-04 1.162754341291627952e+03
5.738441648302393047e-04 1.228664984124796320e+03
6.080224261649426910e-04 1.298213968088666661e+03
6.442363508721370797e-04 1.371586700936712759e+03
6.826071834272392233e-04 1.448976473439900474e+03
7.232633896483533272e-04 1.530583136006544692e+03
7.663410868007461971e-04 1.616612803401082147e+03
8.119844993184008319e-04 1.707279249403895392e+03
8.603464416684509499e-04 1.802803960263480803e+03
9.115888299750818944e-04 1.903414168402583755e+03
9.658832241158708896e-04 2.009342346809848323e+03
1.023411402105453864e-03 2.120827735050896990e+03
1.084365968689610842e-03 2.238115970511772503e+03
1.148951000187309855e-03 2.361452987076676891e+03
1.217382727739662078e-03 2.491083538973874056e+03
1.289890261253309484e-03 2.627255171810255888e+03
1.366716356462007289e-03 2.770217453838448819e+03
1.448118227674534582e-03 2.920216529478104349e+03
1.534368408930013262e-03 3.077493526602252587e+03
1.625755666443795110e-03 3.242286817112043082e+03
1.722585965398787389e-03 3.414830111099513942e+03
1.825183494319044218e-03 3.595338948366835666e+03
1.933891750455232110e-03 3.784007978816714967e+03
2.049074689815848227e-03 3.981017404131806870e+03
2.171117945694505096e-03 4.186530142125197017e+03
2.300430119772919023e-03 4.400677600295277443e+03
2.437444150122221927e-03 4.623556558205348665e+03
2.582618760682677504e-03 4.855234033113881196e+03
2.736439997074671757e-03 5.095743142880748564e+03
2.899422853882878057e-03 5.345064925526287880e+03
3.072112998861759037e-03 5.603125061419011217e+03
3.255088599835059826e-03 5.869799646275976556e+03
3.448962260405759751e-03 6.144910039193589910e+03
3.654383070957258062e-03 6.428200837700421289e+03
3.872038781812556923e-03 6.719337328545526361e+03
4.102658105827194576e-03 7.017912909090179710e+03
4.347013158125026359e-03 7.323443296228121653e+03
4.605922041145108295e-03 7.635336934402513180e+03
4.880251583654433324e-03 7.952895371773977786e+03
5.170920242896760721e-03 8.275326449948550362e+03
5.478901179593945181e-03 8.601737297576291894e+03
5.805225516094901853e-03 8.931076599442227234e+03
6.150985788580504154e-03 9.262145283664131057e+03
6.517339604882426730e-03 9.593630852307969690e+03
6.905513520162331019e-03 9.924098827349473140e+03
7.316807143427199629e-03 1.025188344013383721e+04
7.752597488629464108e-03 1.057512297657734052e+04
8.214343584919429550e-03 1.089183417345784073e+04
8.703591361485166558e-03 1.119990503765315589e+04
9.221978823334331735e-03 1.149692873765310833e+04
9.771241535346501458e-03 1.178028176493823594e+04
1.035321843295662625e-02 1.204725117372055865e+04
1.096985797892384082e-02 1.229503047761592461e+04
1.162322468679852921e-02 1.252046034410091306e+04
1.231550603292826118e-02 1.272018947642283092e+04
1.304901978014402948e-02 1.289089144151229993e+04
1.382622173764656327e-02 1.302928183663600612e+04
1.464971398307286267e-02 1.313184634044861014e+04
1.552225357427047987e-02 1.319508184191374312e+04
1.644676177994664271e-02 1.321577109718301472e+04
1.742633386009650662e-02 1.319104235173093912e+04
1.846424942895544263e-02 1.311822704467606309e+04
1.956398343517064958e-02 1.299509641663355251e+04
2.072921779595372077e-02 1.282009036618231221e+04
2.196385372416546911e-02 1.259249674564284032e+04
2.327202478960409618e-02 1.231309937048448046e+04
2.465811075822603796e-02 1.198379127939908722e+04
2.612675225563329193e-02 1.160724099281088820e+04
2.768286630392066683e-02 1.118732607902795462e+04
2.933166278390045290e-02 1.073174537301578493e+04
3.107866187782013997e-02 1.024948784435549351e+04
3.292971255097151134e-02 9.749064081818078193e+03
3.489101213406773511e-02 9.239170895055172878e+03
3.696912707195028347e-02 8.732722827379680894e+03
3.917101490809260511e-02 8.242402895652325242e+03
4.150404757850476717e-02 7.778335430398170502e+03
4.397603609302721400e-02 7.348461894748093073e+03
4.659525668664682430e-02 6.959101782477880079e+03
4.937047852839003548e-02 6.614865249647268683e+03
5.231099308056263303e-02 6.315063041131761565e+03
5.542664520663106997e-02 6.053819678856144492e+03
5.872786613189483196e-02 5.820248280347524997e+03
6.222570836730231120e-02 5.598822770405238771e+03
6.593188271333548511e-02 5.370636684201747812e+03
6.985879746785249311e-02 5.116503638382349891e+03
7.401959996915644102e-02 4.821403612063064429e+03
7.842822061337681450e-02 4.479511786837642831e+03
8.309941949353395751e-02 4.098223302135033009e+03
8.804883581643464796e-02 3.698761634227372269e+03
9.329304026284686302e-02 3.312170908903030977e+03
9.884959046625586832e-02 2.970680253730623463e+03
1.047370897959450792e-01 2.697513657757215242e+03
1.109752496412072104e-01 2.498477155000121002e+03
1.175849554052158102e-01 2.358067198280323282e+03
1.245883364295008178e-01 2.241925307049469211e+03
1.320088400831419539e-01 2.108537074249806665e+03
1.398713102647238526e-01 1.930811410458915816e+03
1.482020705798860194e-01 1.715420022677413954e+03
1.570290124729377401e-01 1.500684300460534359e+03
1.663816886076130708e-01 1.329463307224678147e+03
1.762914118095947891e-01 1.217356242328597773e+03
1.867913599020784576e-01 1.141531252597254706e+03
1.979166867853557332e-01 1.058488984729375261e+03
2.097046401323234832e-01 9.448342005712540868e+02
2.221946860939523760e-01 8.241286954572009336e+02
2.354286414322420140e-01 7.316340029034972758e+02
2.494508135230316670e-01 6.712883209747419642e+02
2.643081486974108163e-01 6.139344525481617438e+02
2.800503894183630771e-01 5.430041131962847203e+02
2.967302408188872698e-01 4.772995725937469160e+02
3.144035471591500319e-01 4.306428380806339646e+02
3.331294787934677148e-01 3.882016075731203273e+02
3.529707302730650254e-01 3.422755655512401063e+02
3.739937302478801850e-01 3.040081610432947059e+02
3.962688638701478139e-01 2.722113443813784670e+02
4.198707084443914495e-01 2.406248696062413615e+02
4.448782831127585102e-01 2.133206138026192207e+02
4.713753134116728805e-01 1.894460097101527936e+02
4.994505115855140120e-01 1.672500833475593822e+02
5.291978735958446922e-01 1.480919320322484509e+02
5.607169938205458504e-01 1.306940886314357613e+02
5.941133984965040193e-01 1.153681475980644535e+02
6.294988990221888070e-01 1.016723453346746169e+02
6.669919663030128287e-01 8.956253452593929865e+01
7.067181273927490848e-01 7.880046545174788264e+01
7.488103857590030499e-01 6.928651149681165577e+01
7.934096665797492065e-01 6.086848875130782943e+01
8.406652885618334237e-01 5.342822563407644054e+01
8.907354638610439634e-01 4.686162136059064665e+01
9.437878277775391123e-01 4.106588689822844174e+01
1.000000000000000000e+00 3.595773910940589246e+01
