1.000000000000000082e-05 2.577891257246109902e+00
1.059560179277617057e-05 2.725905597585829288e+00
1.122667773510813544e-05 2.882417843222203846e+00
1.189534067370320835e-05 3.047916451433613005e+00
1.260382929679727389e-05 3.222917347364083973e+00
1.335451562929900141e-05 3.407966072119045453e+00
1.414991297434575937e-05 3.603639489631517367e+00
1.499268432786047117e-05 3.810547597965757927e+00
1.588565129428052877e-05 4.029335418058896501e+00
1.683180353330958413e-05 4.260685001410555728e+00
1.783430876931909215e-05 4.505317548613946066e+00
1.889652339691211472e-05 4.763995644032361199e+00
2.002200371815584479e-05 5.037525643767697403e+00
2.121451784910631934e-05 5.326760190236010217e+00
2.247805833548725246e-05 5.632600861753088495e+00
2.381685551976160786e-05 5.956000969959720059e+00
2.523539170434765982e-05 6.297968539874386984e+00
2.673841615839949297e-05 6.659569451247952188e+00
2.833096101839323942e-05 7.041930740632090568e+00
3.001835813575592089e-05 7.446244084399666008e+00
3.180625692794118915e-05 7.873769534896708500e+00
3.370064329271931777e-05 8.325839446660911136e+00
3.570785964900462521e-05 8.803862588868650363e+00
3.783462617131932846e-05 9.309328481173130498e+00
4.008806328898464845e-05 9.843812076313010806e+00
4.247571552536902605e-05 1.040897866473873989e+01
4.500557675700497562e-05 1.100658898096050464e+01
4.768611697714474431e-05 1.163850458490008144e+01
5.052631065335679548e-05 1.230669374324740772e+01
5.353566677410729675e-05 1.301323755350149725e+01
5.672426068491977794e-05 1.376033625725914611e+01
6.010276782070387642e-05 1.455031589465318653e+01
6.368249944718585675e-05 1.538563570917541590e+01
6.747544053110699554e-05 1.626889578733788611e+01
7.149428986597576249e-05 1.720284480597484489e+01
7.575250258771920673e-05 1.819038821156655317e+01
8.026433522257173624e-05 1.923459758126783825e+01
8.504489341802686365e-05 2.033872013916245436e+01
9.011018251665017960e-05 2.150618815270316020e+01
9.547716114208065730e-05 2.274062890241850354e+01
1.011637979766207013e-04 2.404587657857111438e+01
1.071891319205128638e-04 2.542598410458132108e+01
1.135733358343105206e-04 2.688523428971799589e+01
1.203377840777590556e-04 2.842815180704362632e+01
1.275051240713012809e-04 3.005951845294625357e+01
1.350993521198027864e-04 3.178438777616479882e+01
1.431458937523478591e-04 3.360809783258798689e+01
1.516716888470924095e-04 3.553628526963996137e+01
1.607052818261638333e-04 3.757490513518550301e+01
1.702769172225901374e-04 3.973024884957946057e+01
1.804186409392071779e-04 4.200895777685354915e+01
1.911644075385703697e-04 4.441803920577272180e+01
2.025501939230666413e-04 4.696489250643838176e+01
2.146141197858405776e-04 4.965733094771601230e+01
2.273965752357927448e-04 5.250359398569879232e+01
2.409403560239526765e-04 5.551236432607210958e+01
2.552908068239516468e-04 5.869280321477958751e+01
2.704959730463137079e-04 6.205457639084625754e+01
2.866067616948250111e-04 6.560786039598669106e+01
3.036771118035460487e-04 6.936335879432817819e+01
3.217641750250735269e-04 7.333235099219362496e+01
3.409285069746814732e-04 7.752672204321598315e+01
3.612342699709430527e-04 8.195895361279232816e+01
3.827494478516315301e-04 8.664213565543455786e+01
4.055460735840827930e-04 9.159003553226138195e+01
4.297004704320843828e-04 9.681713012267509555e+01
4.552935074866947636e-04 1.023385638996996221e+02
4.824108704165373600e-04 1.081701496039841714e+02
5.111433483440165366e-04 1.143284679469872600e+02
5.415871378079476200e-04 1.208308982157064122e+02
5.738441648302393047e-04 1.276955175612338138e+02
6.080224261649426910e-04 1.349410822705173700e+02
6.442363508721370797e-04 1.425871690215588501e+02
6.826071834272392233e-04 1.506541960683547359e+02
7.232633896483533272e-04 1.591632191049705227e+02
7.663410868007461971e-04 1.681358798370980026e+02
8.119844993184008319e-04 1.775946057132388489e+02
8.603464416684509499e-04 1.875626112618251113e+02
9.115888299750818944e-04 1.980636024353132143e+02
9.658832241158708896e-04 2.091216963079563413e+02
1.023411402105453864e-03 2.207616405569703772e+02
1.084365968689610842e-03 2.330087705181444448e+02
1.148951000187309855e-03 2.458884302243872071e+02
1.217382727739662078e-03 2.594258191601181238e+02
1.289890261253309484e-03 2.736463412363106613e+02
1.366716356462007289e-03 2.885755241732822469e+02
1.448118227674534582e-03 3.042386881694711178e+02
1.534368408930013262e-03 3.206608043252774678e+02
1.625755666443795110e-03 3.378665428078810464e+02
1.722585965398787389e-03 3.558800805423273914e+02
1.825183494319044218e-03 3.747239383476495505e+02
1.933891750455232110e-03 3.944187198206366816e+02
2.049074689815848227e-03 4.149836161052447778e+02
2.171117945694505096e-03 4.364360991437362713e+02
2.300430119772919023e-03 4.587901913762269146e+02
2.437444150122221927e-03 4.820561424008153608e+02
2.582618760682677504e-03 5.062411178730707775e+02
2.736439997074671757e-03 5.313487752328375109e+02
2.899422853882878057e-03 5.573773574479498620e+02
3.072112998861759037e-03 5.843193537055196884e+02
3.255088599835059826e-03 6.121621121015504059e+02
3.448962260405759751e-03 6.408873102429010942e+02
3.654383070957258062e-03 6.704687341263532971e+02
3.872038781812556923e-03 7.008720078247712308e+02
4.102658105827194576e-03 7.320553224805024684e+02
4.347013158125026359e-03 7.639688098523904500e+02
4.605922041145108295e-03 7.965511712537495441e+02
4.880251583654433324e-03 8.297297552361200133e+02
5.170920242896760721e-03 8.634221061385926532e+02
5.478901179593945181e-03 8.975352290797155774e+02
5.805225516094901853e-03 9.319595305564170076e+02
6.150985788580504154e-03 9.665699325296154711e+02
6.517339604882426730e-03 1.001229466414173885e+03
6.905513520162331019e-03 1.035788471837307725e+03
7.316807143427199629e-03 1.070074173880875605e+03
7.752597488629464108e-03 1.103894098392295973e+03
8.214343584919429550e-03 1.137043238002084081e+03
8.703591361485166558e-03 1.169303295555808745e+03
9.221978823334331735e-03 1.200425538918934762e+03
9.771241535346501458e-03 1.230138836919044024e+03
1.035321843295662625e-02 1.258162755433246275e+03
1.096985797892384082e-02 1.284206962231761509e+03
1.162322468679852921e-02 1.307943214188919228e+03
1.231550603292826118e-02 1.329022408833650161e+03
1.304901978014402948e-02 1.347097630440975081e+03
1.382622173764656327e-02 1.361826045811354561e+03
1.464971398307286267e-02 1.372841748299692199e+03
1.552225357427047987e-02 1.379780152750396155e+03
1.644676177994664271e-02 1.382305794880764552e+03
1.742633386009650662e-02 1.380118683293238064e+03
1.846424942895544263e-02 1.372941197786402881e+03
1.956398343517064958e-02 1.360541456892852011e+03
2.072921779595372077e-02 1.342755935901179100e+03
2.196385372416546911e-02 1.319507551515884188e+03
2.327202478960409618e-02 1.290870364565934779e+03
2.465811075822603796e-02 1.257031511367167013e+03
2.612675225563329193e-02 1.218258279588722189e+03
2.768286630392066683e-02 1.174944455324394994e+03
2.933166278390045290e-02 1.127888161888795594e+03
3.107866187782013997e-02 1.078024800675762435e+03
3.292971255097151134e-02 1.026240130119437254e+03
3.489101213406773511e-02 9.734378371942297008e+02
3.696912707195028347e-02 9.209514882706978369e+02
3.917101490809260511e-02 8.700919900389928898e+02
4.150404757850476717e-02 8.219101364169822546e+02
4.397603609302721400e-02 7.772305176855642230e+02
4.659525668664682430e-02 7.367015024734533881e+02
4.937047852839003548e-02 7.007954068098897551e+02
5.231099308056263303e-02 6.694288321232620547e+02
5.542664520663106997e-02 6.419829125186863621e+02
5.872786613189483196e-02 6.173081348362719609e+02
6.222570836730231120e-02 5.937799796209807255e+02
6.593188271333548511e-02 5.694383882560651955e+02
6.985879746785249311e-02 5.423072307215394403e+02
7.401959996915644102e-02 5.108671597137735034e+02
7.842822061337681450e-02 4.745734681601486500e+02
8.309941949353395751e-02 4.342625879595086644e+02
8.804883581643464796e-02 3.921960344070946576e+02
9.329304026284686302e-02 3.516232252078298757e+02
9.884959046625586832e-02 3.158755244994469535e+02
1.047370897959450792e-01 2.873062894899384787e+02
1.109752496412072104e-01 2.664264420000192217e+02
1.175849554052158102e-01 2.515234932984380976e+02
1.245883364295008178e-01 2.389546019871814337e+02
1.320088400831419539e-01 2.244258428057405865e+02
1.398713102647238526e-01 2.052605973041932259e+02
1.482020705798860194e-01 1.823382762867693714e+02
1.570290124729377401e-01 1.597363588008520026e+02
1.663816886076130708e-01 1.418382823857451172e+02
1.762914118095947891e-01 1.300784715378867418e+02
1.867913599020784576e-01 1.219116837640570310e+02
1.979166867853557332e-01 1.128254342005967175e+02
2.097046401323234832e-01 1.005983289345028879e+02
2.221946860939523760e-01 8.785525286010734192e+01
2.354286414322420140e-01 7.817223630253455724e+01
2.494508135230316670e-01 7.174605156664372885e+01
2.643081486974108163e-01 6.550230525541363136e+01
2.800503894183630771e-01 5.790355951259950729e+01
2.967302408188872698e-01 5.098578736373436726e+01
3.144035471591500319e-01 4.603116219106814810e+01
3.331294787934677148e-01 4.144253868915595262e+01
3.529707302730650254e-01 3.654766308423619137e+01
3.739937302478801850e-01 3.249629642498575777e+01
3.962688638701478139e-01 2.908064609837848025e+01
4.198707084443914495e-01 2.570742213262241549e+01
4.448782831127585102e-01 2.280291748644696881e+01
4.713753134116728805e-01 2.024429161181719650e+01
4.994505115855140120e-01 1.787817188329056606e+01
5.291978735958446922e-01 1.583041605731674650e+01
5.607169938205458504e-01 1.397195706643871382e+01
5.941133984965040193e-01 1.233465317562895613e+01
6.294988990221888070e-01 1.087110473378101716e+01
6.669919663030128287e-01 9.577060762731818500e+00
7.067181273927490848e-01 8.426841285755944710e+00
7.488103857590030499e-01 7.409925162607027715e+00
7.934096665797492065e-01 6.510079380086025935e+00
8.406652885618334237e-01 5.714703906701926961e+00
8.907354638610439634e-01 5.012630656107584848e+00
9.437878277775391123e-01 4.392917735834434012e+00
1.000000000000000000e+00 3.846705835511278426e+00
