1.000000000000000082e-05 2.332572469184043484e+00
1.059560179277617057e-05 2.466501382729328729e+00
1.122667773510813544e-05 2.608119518961953709e+00
1.189534067370320835e-05 2.757868852304507179e+00
1.260382929679727389e-05 2.916216211132214742e+00
1.335451562929900141e-05 3.083655221450342321e+00
1.414991297434575937e-05 3.260707851330602036e+00
1.499268432786047117e-05 3.447926049846465446e+00
1.588565129428052877e-05 3.645893456077260009e+00
1.683180353330958413e-05 3.855227215740874236e+00
1.783430876931909215e-05 4.076579898119952361e+00
1.889652339691211472e-05 4.310641518080811530e+00
2.002200371815584479e-05 4.558141696796707443e+00
2.121451784910631934e-05 4.819851937029900668e+00
2.247805833548725246e-05 5.096588020575796740e+00
2.381685551976160786e-05 5.389212539478035247e+00
2.523539170434765982e-05 5.698637592491658133e+00
2.673841615839949297e-05 6.025827627498359540e+00
2.833096101839323942e-05 6.371802429341600238e+00
3.001835813575592089e-05 6.737640271393734892e+00
3.180625692794118915e-05 7.124481296166131905e+00
3.370064329271931777e-05 7.533531067898588063e+00
3.570785964900462521e-05 7.966064293655270134e+00
3.783462617131932846e-05 8.423428746553298652e+00
4.008806328898464845e-05 8.907049502762243165e+00
4.247571552536902605e-05 9.418433379393572835e+00
4.500557675700497562e-05 9.959173554915331295e+00
4.768611697714474431e-05 1.053095443840066636e+01
5.052631065335679548e-05 1.113555699119929798e+01
5.353566677410729675e-05 1.177486426819891285e+01
5.672426068491977794e-05 1.245086713032499759e+01
6.010276782070387642e-05 1.316567026572561083e+01
6.368249944718585675e-05 1.392149888993218099e+01
6.747544053110699554e-05 1.472070565851094415e+01
7.149428986597576249e-05 1.556577767711161719e+01
7.575250258771920673e-05 1.645934390242564049e+01
8.026433522257173624e-05 1.740418361239509437e+01
8.504489341802686365e-05 1.840323501687570129e+01
9.011018251665017960e-05 1.945960375988744318e+01
9.547716114208065730e-05 2.057657194057822991e+01
1.011637979766207013e-04 2.175760887776556984e+01
1.071891319205128638e-04 2.300638180821264100e+01
1.135733358343105206e-04 2.432676597800022122e+01
1.203377840777590556e-04 2.572285548061959304e+01
1.275051240713012809e-04 2.719897706436813323e+01
1.350993521198027864e-04 2.875970336923860415e+01
1.431458937523478591e-04 3.040986446793879949e+01
1.516716888470924095e-04 3.215456060997025389e+01
1.607052818261638333e-04 3.399918014546732792e+01
1.702769172225901374e-04 3.594941578697961404e+01
1.804186409392071779e-04 3.801127688918975878e+01
1.911644075385703697e-04 4.019110390917143150e+01
2.025501939230666413e-04 4.249559207386217707e+01
2.146141197858405776e-04 4.493181112128859667e+01
2.273965752357927448e-04 4.750721641962821451e+01
2.409403560239526765e-04 5.022966440587483561e+01
2.552908068239516468e-04 5.310744451815394029e+01
2.704959730463137079e-04 5.614930267880866666e+01
2.866067616948250111e-04 5.936444700356835114e+01
3.036771118035460487e-04 6.276256247776169062e+01
3.217641750250735269e-04 6.635385513028300863e+01
3.409285069746814732e-04 7.014907900237483318e+01
3.612342699709430527e-04 7.415952797192774426e+01
3.827494478516315301e-04 7.839704631958450420e+01
4.055460735840827930e-04 8.287409126883305532e+01
4.297004704320843828e-04 8.760376204185283200e+01
4.552935074866947636e-04 9.259976192451213706e+01
4.824108704165373600e-04 9.787639887623228674e+01
5.111433483440165366e-04 1.034486757451587664e+02
5.415871378079476200e-04 1.093323179604654740e+02
5.738441648302393047e-04 1.155436824048722855e+02
6.080224261649426910e-04 1.220997404686329730e+02
6.442363508721370797e-04 1.290182058625245531e+02
6.826071834272392233e-04 1.363175537867736011e+02
7.232633896483533272e-04 1.440168362212336888e+02
7.663410868007461971e-04 1.521356353910045982e+02
8.119844993184008319e-04 1.606942444906816547e+02
8.603464416684509499e-04 1.697136688942325691e+02
9.115888299750818944e-04 1.792153586344696805e+02
9.658832241158708896e-04 1.892211357425913718e+02
1.023411402105453864e-03 1.997533928429513423e+02
1.084365968689610842e-03 2.108350542953709237e+02
1.148951000187309855e-03 2.224890523291494162e+02
1.217382727739662078e-03 2.347381883807046847e+02
1.289890261253309484e-03 2.476054488592501173e+02
1.366716356462007289e-03 2.611139322013259516e+02
1.448118227674534582e-03 2.752865490699112456e+02
1.534368408930013262e-03 2.901458942510171823e+02
1.625755666443795110e-03 3.057142902350186660e+02
1.722585965398787389e-03 3.220136132083483744e+02
1.825183494319044218e-03 3.390642408507537198e+02
1.933891750455232110e-03 3.568848160675544818e+02
2.049074689815848227e-03 3.754927037238966250e+02
2.171117945694505096e-03 3.949037130869056114e+02
2.300430119772919023e-03 4.151305321850908854e+02
2.437444150122221927e-03 4.361824352383299583e+02
2.582618760682677504e-03 4.580659059999085798e+02
2.736439997074671757e-03 4.807842538582506791e+02
2.899422853882878057e-03 5.043358889849092179e+02
3.072112998861759037e-03 5.287140153153432038e+02
3.255088599835059826e-03 5.539071849334056878e+02
3.448962260405759751e-03 5.798988190521966999e+02
3.654383070957258062e-03 6.066651982607273794e+02
3.872038781812556923e-03 6.341752179338446922e+02
4.102658105827194576e-03 6.623910478527398027e+02
4.347013158125026359e-03 6.912675653668428595e+02
4.605922041145108295e-03 7.207493051307611722e+02
4.880251583654433324e-03 7.507705293954584249e+02
5.170920242896760721e-03 7.812566291936133211e+02
5.478901179593945181e-03 8.121234592768015546e+02
5.805225516094901853e-03 8.432718553426728931e+02
6.150985788580504154e-03 8.745886421012914980e+02
6.517339604882426730e-03 9.059498852517235719e+02
6.905513520162331019e-03 9.372201664886821391e+02
7.316807143427199629e-03 9.682431526013360781e+02
7.752597488629464108e-03 9.988446857744207819e+02
8.214343584919429550e-03 1.028839267669055062e+03
8.703591361485166558e-03 1.058029374851658758e+03
9.221978823334331735e-03 1.086189945179836513e+03
9.771241535346501458e-03 1.113075649023590358e+03
1.035321843295662625e-02 1.138432739095227362e+03
1.096985797892384082e-02 1.161998511929592496e+03
1.162322468679852921e-02 1.183475960864356011e+03
1.231550603292826118e-02 1.202549204920971988e+03
1.304901978014402948e-02 1.218904341770569317e+03
1.382622173764656327e-02 1.232231163106064741e+03
1.464971398307286267e-02 1.242198582903462011e+03
1.552225357427047987e-02 1.248476710871928617e+03
1.644676177994664271e-02 1.250762006376053932e+03
1.742633386009650662e-02 1.248783025974239990e+03
1.846424942895544263e-02 1.242288568520242507e+03
1.956398343517064958e-02 1.231068818985809457e+03
2.072921779595372077e-02 1.214975814093281542e+03
2.196385372416546911e-02 1.193939805992584070e+03
2.327202478960409618e-02 1.168027807692978740e+03
2.465811075822603796e-02 1.137409147135311969e+03
2.612675225563329193e-02 1.102325676203995727e+03
2.768286630392066683e-02 1.063133707291398196e+03
2.933166278390045290e-02 1.020555412236788015e+03
3.107866187782013997e-02 9.754371772221925312e+02
3.292971255097151134e-02 9.285804696221608765e+02
3.489101213406773511e-02 8.808029792253358892e+02
3.696912707195028347e-02 8.333113667832307101e+02
3.917101490809260511e-02 7.872917897206503994e+02
4.150404757850476717e-02 7.436950456931243707e+02
4.397603609302721400e-02 7.032672548413584082e+02
4.659525668664682430e-02 6.665950853612931724e+02
4.937047852839003548e-02 6.341059064693224627e+02
5.231099308056263303e-02 6.057242560172393269e+02
5.542664520663106997e-02 5.808901609866106810e+02
5.872786613189483196e-02 5.585634988578450475e+02
6.222570836730231120e-02 5.372743436416931218e+02
6.593188271333548511e-02 5.152491609601737537e+02
6.985879746785249311e-02 4.906998744283102383e+02
7.401959996915644102e-02 4.622517217547747919e+02
7.842822061337681450e-02 4.294118315984000560e+02
8.309941949353395751e-02 3.929370388388954325e+02
8.804883581643464796e-02 3.548736471368583807e+02
9.329304026284686302e-02 3.181618512185310124e+02
9.884959046625586832e-02 2.858159940088344229e+02
1.047370897959450792e-01 2.599654811675693509e+02
1.109752496412072104e-01 2.410726138758054446e+02
1.175849554052158102e-01 2.275878682515439948e+02
1.245883364295008178e-01 2.162150650898911408e+02
1.320088400831419539e-01 2.030689001448898239e+02
1.398713102647238526e-01 1.857274688892451024e+02
1.482020705798860194e-01 1.649864951244477425e+02
1.570290124729377401e-01 1.445354344638286079e+02
1.663816886076130708e-01 1.283405852125723072e+02
1.762914118095947891e-01 1.176998683284052305e+02
1.867913599020784576e-01 1.103102531654860172e+02
1.979166867853557332e-01 1.020886745708542094e+02
2.097046401323234832e-01 9.102513221182753966e+01
2.221946860939523760e-01 7.949472015883584675e+01
2.354286414322420140e-01 7.073316445808242747e+01
2.494508135230316670e-01 6.491851205383686363e+01
2.643081486974108163e-01 5.926893676271185996e+01
2.800503894183630771e-01 5.239330728447217922e+01
2.967302408188872698e-01 4.613384819473212417e+01
3.144035471591500319e-01 4.165071794616060430e+01
3.331294787934677148e-01 3.749875970435127215e+01
3.529707302730650254e-01 3.306969310038844156e+01
3.739937302478801850e-01 2.940386495291535951e+01
3.962688638701478139e-01 2.631325673047441072e+01
4.198707084443914495e-01 2.326103746684259832e+01
4.448782831127585102e-01 2.063293298212366267e+01
4.713753134116728805e-01 1.831779255200376255e+01
4.994505115855140120e-01 1.617683888607976073e+01
5.291978735958446922e-01 1.432395279173749003e+01
5.607169938205458504e-01 1.264234955690566053e+01
5.941133984965040193e-01 1.116085573180518331e+01
6.294988990221888070e-01 9.836582338512895873e+00
6.669919663030128287e-01 8.665682932923743920e+00
7.067181273927490848e-01 7.624921311202224494e+00
7.488103857590030499e-01 6.704777551973018390e+00
7.934096665797492065e-01 5.890563417486171183e+00
8.406652885618334237e-01 5.170877927780177963e+00
8.907354638610439634e-01 4.535615780440291900e+00
9.437878277775391123e-01 3.974876341736814034e+00
1.000000000000000000e+00 3.480643376147897428e+00
