1.000000000000000082e-05 2.170476876051543158e+00
1.059560179277617057e-05 2.297662867826725464e+00
1.122667773510813544e-05 2.432301213421302233e+00
1.189534067370320835e-05 2.574829057590713788e+00
1.260382929679727389e-05 2.725708673825385286e+00
1.335451562929900141e-05 2.885429418099559218e+00
1.414991297434575937e-05 3.054509321264032184e+00
1.499268432786047117e-05 3.233496780240656232e+00
1.588565129428052877e-05 3.422972325814478634e+00
1.683180353330958413e-05 3.623550502882241453e+00
1.783430876931909215e-05 3.835881857089840530e+00
1.889652339691211472e-05 4.060655033163863337e+00
2.002200371815584479e-05 4.298599017458086813e+00
2.121451784910631934e-05 4.550485502993292464e+00
2.247805833548725246e-05 4.817131385077824568e+00
2.381685551976160786e-05 5.099401399454545292e+00
2.523539170434765982e-05 5.398210933843208714e+00
2.673841615839949297e-05 5.714528995868099592e+00
2.833096101839323942e-05 6.049381338017205678e+00
3.001835813575592089e-05 6.403853758190680701e+00
3.180625692794118915e-05 6.779095639277106677e+00
3.370064329271931777e-05 7.176323675185129147e+00
3.570785964900462521e-05 7.596825781386974619e+00
3.783462617131932846e-05 8.041965223425359355e+00
4.008806328898464845e-05 8.513185071691035333e+00
4.247571552536902605e-05 9.012012876907448344e+00
4.500557675700497562e-05 9.540065550343806322e+00
4.768611697714474431e-05 1.009905451382780051e+01
5.052631065335679548e-05 1.069079131700176610e+01
5.353566677410729675e-05 1.131719350156227755e+01
5.672426068491977794e-05 1.198029066774811824e+01
6.010276782070387642e-05 1.268223087690874706e+01
6.368249944718585675e-05 1.342528774972030803e+01
6.747544053110699554e-05 1.421186781496616902e+01
7.149428986597576249e-05 1.504451799942189893e+01
7.575250258771920673e-05 1.592593354376193382e+01
8.026433522257173624e-05 1.685896700472035548e+01
8.504489341802686365e-05 1.784663745109463306e+01
9.011018251665017960e-05 1.889213961327001456e+01
9.547716114208065730e-05 1.999885359518561856e+01
1.011637979766207013e-04 2.117035634471380590e+01
1.071891319205128638e-04 2.241043313299628181e+01
1.135733358343105206e-04 2.372308851529285434e+01
1.203377840777590556e-04 2.511255809050534893e+01
1.275051240713012809e-04 2.658332323761896276e+01
1.350993521198027864e-04 2.814012538849417311e+01
1.431458937523478591e-04 2.978797873065797930e+01
1.516716888470924095e-04 3.153218417027252940e+01
1.607052818261638333e-04 3.337834846890093132e+01
1.702769172225901374e-04 3.533240186979138286e+01
1.804186409392071779e-04 3.740061191864183598e+01
1.911644075385703697e-04 3.958959951901212548e+01
2.025501939230666413e-04 4.190636416875883441e+01
2.146141197858405776e-04 4.435830548305821708e+01
2.273965752357927448e-04 4.695323633317597967e+01
2.409403560239526765e-04 4.969940034001390217e+01
2.552908068239516468e-04 5.260550581514687707e+01
2.704959730463137079e-04 5.568075154280223416e+01
2.866067616948250111e-04 5.893483508089856571e+01
3.036771118035460487e-04 6.237797002088036891e+01
3.217641750250735269e-04 6.602093270391655722e+01
3.409285069746814732e-04 6.987509210286951600e+01
3.612342699709430527e-04 7.395240484798740965e+01
3.827494478516315301e-04 7.826542891879333297e+01
4.055460735840827930e-04 8.282738936176453137e+01
4.297004704320843828e-04 8.765221093483685877e+01
4.552935074866947636e-04 9.275448385580648392e+01
4.824108704165373600e-04 9.814946796080387514e+01
5.111433483440165366e-04 1.038531868342536342e+02
5.415871378079476200e-04 1.098824597202005151e+02
5.738441648302393047e-04 1.162548140825836640e+02
6.080224261649426910e-04 1.229884722863432955e+02
6.442363508721370797e-04 1.301024841520168991e+02
6.826071834272392233e-04 1.376167507068375073e+02
7.232633896483533272e-04 1.455518420282536169e+02
7.663410868007461971e-04 1.539289536552046513e+02
8.119844993184008319e-04 1.627700928895880281e+02
8.603464416684509499e-04 1.720980842989149266e+02
9.115888299750818944e-04 1.819363024308253216e+02
9.658832241158708896e-04 1.923086007607691670e+02
1.023411402105453864e-03 2.032395161429534198e+02
1.084365968689610842e-03 2.147542327570153589e+02
1.148951000187309855e-03 2.268780512249188064e+02
1.217382727739662078e-03 2.396362473990832598e+02
1.289890261253309484e-03 2.530543946308786758e+02
1.366716356462007289e-03 2.671582904913552738e+02
1.448118227674534582e-03 2.819736506298165750e+02
1.534368408930013262e-03 2.975259766415024387e+02
1.625755666443795110e-03 3.138405993001517231e+02
1.722585965398787389e-03 3.309424984620475811e+02
1.825183494319044218e-03 3.488552182131433028e+02
1.933891750455232110e-03 3.676006151856410042e+02
2.049074689815848227e-03 3.871993198225466131e+02
2.171117945694505096e-03 4.076704427355855387e+02
2.300430119772919023e-03 4.290299479079407092e+02
2.437444150122221927e-03 4.512903321866937745e+02
2.582618760682677504e-03 4.744612513811279655e+02
2.736439997074671757e-03 4.985491061656868510e+02
2.899422853882878057e-03 5.235552332055428906e+02
3.072112998861759037e-03 5.494755577263323403e+02
3.255088599835059826e-03 5.763011400794180190e+02
3.448962260405759751e-03 6.040176496878254966e+02
3.654383070957258062e-03 6.326032393759865045e+02
3.872038781812556923e-03 6.620282482406701092e+02
4.102658105827194576e-03 6.922558476486412928e+02
4.347013158125026359e-03 7.232414085231030185e+02
4.605922041145108295e-03 7.549292633263213474e+02
4.880251583654433324e-03 7.872527186734041607e+02
5.170920242896760721e-03 8.201354653614840799e+02
5.478901179593945181e-03 8.534908265582533886e+02
5.805225516094901853e-03 8.872159323614489495e+02
6.150985788580504154e-03 9.211926922164606140e+02
6.517339604882426730e-03 9.552911402745817213e+02
6.905513520162331019e-03 9.893686052030629980e+02
7.316807143427199629e-03 1.023259674063253556e+03
7.752597488629464108e-03 1.056779336601438672e+03
8.214343584919429550e-03 1.089729745674372680e+03
8.703591361485166558e-03 1.121899421951936802e+03
9.221978823334331735e-03 1.153046711729024764e+03
9.771241535346501458e-03 1.182907348402494335e+03
1.035321843295662625e-02 1.211206936489222926e+03
1.096985797892384082e-02 1.237660324745205799e+03
1.162322468679852921e-02 1.261944521875344662e+03
1.231550603292826118e-02 1.283714958944634873e+03
1.304901978014402948e-02 1.302627658151491005e+03
1.382622173764656327e-02 1.318341075644641705e+03
1.464971398307286267e-02 1.330489801163638276e+03
1.552225357427047987e-02 1.338708097712156814e+03
1.644676177994664271e-02 1.342656906258354411e+03
1.742633386009650662e-02 1.342030175983049048e+03
1.846424942895544263e-02 1.336542298499305389e+03
1.956398343517064958e-02 1.325950999245298590e+03
2.072921779595372077e-02 1.310079650655918840e+03
2.196385372416546911e-02 1.288835306102277855e+03
2.327202478960409618e-02 1.262272438754039058e+03
2.465811075822603796e-02 1.230556499302086422e+03
2.612675225563329193e-02 1.193932268417333262e+03
2.768286630392066683e-02 1.152769770115141228e+03
2.933166278390045290e-02 1.107837867938895897e+03
3.107866187782013997e-02 1.060043883470573064e+03
3.292971255097151134e-02 1.010250351465731342e+03
3.489101213406773511e-02 9.593413512843825401e+02
3.696912707195028347e-02 9.086290553421220011e+02
3.917101490809260511e-02 8.594091265167477331e+02
4.150404757850476717e-02 8.127258098291076749e+02
4.397603609302721400e-02 7.694040795318134087e+02
4.659525668664682430e-02 7.300979352075855786e+02
4.937047852839003548e-02 6.952896041649316885e+02
5.231099308056263303e-02 6.649114737869456349e+02
5.542664520663106997e-02 6.383631472674982206e+02
5.872786613189483196e-02 6.145132666109091133e+02
6.222570836730231120e-02 5.917520051642092085e+02
6.593188271333548511e-02 5.681275551402528663e+02
6.985879746785249311e-02 5.416633258759565024e+02
7.401959996915644102e-02 5.108306500980266378e+02
7.842822061337681450e-02 4.750697097069410688e+02
8.309941949353395751e-02 4.352023452433991793e+02
8.804883581643464796e-02 3.934838695096018455e+02
9.329304026284686302e-02 3.531719580856202469e+02
9.884959046625586832e-02 3.176212574634357679e+02
1.047370897959450792e-01 2.892168839616830951e+02
1.109752496412072104e-01 2.684978169659341916e+02
1.175849554052158102e-01 2.537621906165620373e+02
1.245883364295008178e-01 2.413507663580319047e+02
1.320088400831419539e-01 2.269295608267821649e+02
1.398713102647238526e-01 2.077823820722672963e+02
1.482020705798860194e-01 1.847846544002637188e+02
1.570290124729377401e-01 1.620603461361032203e+02
1.663816886076130708e-01 1.440626402274395446e+02
1.762914118095947891e-01 1.322660110783591847e+02
1.867913599020784576e-01 1.241003725013680850e+02
1.979166867853557332e-01 1.149793088544804220e+02
2.097046401323234832e-01 1.026333185034907132e+02
2.221946860939523760e-01 8.973260225144439062e+01
2.354286414322420140e-01 7.993187310367059695e+01
2.494508135230316670e-01 7.344299584311420404e+01
2.643081486974108163e-01 6.712648213608800063e+01
2.800503894183630771e-01 5.940561412926875562e+01
2.967302408188872698e-01 5.236682976975817638e+01
3.144035471591500319e-01 4.733081876109226727e+01
3.331294787934677148e-01 4.266024579624254187e+01
3.529707302730650254e-01 3.766357487662831005e+01
3.739937302478801850e-01 3.352592110648191692e+01
3.962688638701478139e-01 3.003556645350764853e+01
4.198707084443914495e-01 2.658123954966110958e+01
4.448782831127585102e-01 2.360434973009556359e+01
4.713753134116728805e-01 2.097921018667364024e+01
4.994505115855140120e-01 1.854789302808523388e+01
5.291978735958446922e-01 1.644177603221681139e+01
5.607169938205458504e-01 1.452775696349249834e+01
5.941133984965040193e-01 1.283965015598949755e+01
6.294988990221888070e-01 1.132882459116919804e+01
6.669919663030128287e-01 9.991445876496896972e+00
7.067181273927490848e-01 8.801279971419379677e+00
7.488103857590030499e-01 7.747824385933382629e+00
7.934096665797492065e-01 6.814549574618654404e+00
8.406652885618334237e-01 5.988658235509676686e+00
8.907354638610439634e-01 5.258797238865638768e+00
9.437878277775391123e-01 4.613799477715513575e+00
1.000000000000000000e+00 4.044636958324217879e+00
