1.000000000000000082e-05 2.795691749564394257e+00
1.059560179277617057e-05 2.956211296664056576e+00
1.122667773510813544e-05 3.125946881789403164e+00
1.189534067370320835e-05 3.305428049421154757e+00
1.260382929679727389e-05 3.495214308571708894e+00
1.335451562929900141e-05 3.695897285895723527e+00
1.414991297434575937e-05 3.908102584123390955e+00
1.499268432786047117e-05 4.132491738906659329e+00
1.588565129428052877e-05 4.369764265984246165e+00
1.683180353330958413e-05 4.620659839902902633e+00
1.783430876931909215e-05 4.885960583810555313e+00
1.889652339691211472e-05 5.166493500090016511e+00
2.002200371815584479e-05 5.463133061250886158e+00
2.121451784910631934e-05 5.776803934739482393e+00
2.247805833548725246e-05 6.108483852309323225e+00
2.381685551976160786e-05 6.459206651495785323e+00
2.523539170434765982e-05 6.830065505386405889e+00
2.673841615839949297e-05 7.222216326418285703e+00
2.833096101839323942e-05 7.636881334505233987e+00
3.001835813575592089e-05 8.075352852714560825e+00
3.180625692794118915e-05 8.538997356334229849e+00
3.370064329271931777e-05 9.029259724422988853e+00
3.570785964900462521e-05 9.547667676039186091e+00
3.783462617131932846e-05 1.009583650782046860e+01
4.008806328898464845e-05 1.067547416552160655e+01
4.247571552536902605e-05 1.128838655051315953e+01
4.500557675700497562e-05 1.193648301030947501e+01
4.768611697714474431e-05 1.262178224662365267e+01
5.052631065335679548e-05 1.334641867853485486e+01
5.353566677410729675e-05 1.411264905871065345e+01
5.672426068491977794e-05 1.492285922764595796e+01
6.010276782070387642e-05 1.577957147514798919e+01
6.368249944718585675e-05 1.668545253710393084e+01
6.747544053110699554e-05 1.764332182988790620e+01
7.149428986597576249e-05 1.865615967425403454e+01
7.575250258771920673e-05 1.972711645811281400e+01
8.026433522257173624e-05 2.085952271213765385e+01
8.504489341802686365e-05 2.205689932770982864e+01
9.011018251665017960e-05 2.332296739783998873e+01
9.547716114208065730e-05 2.466165960876683272e+01
1.011637979766207013e-04 2.607713298297583648e+01
1.071891319205128638e-04 2.757378149577940363e+01
1.135733358343105206e-04 2.915624749909131097e+01
1.203377840777590556e-04 3.082943586954065651e+01
1.275051240713012809e-04 3.259853021356850888e+01
1.350993521198027864e-04 3.446900831719696612e+01
1.431458937523478591e-04 3.644665468945313336e+01
1.516716888470924095e-04 3.853757812802260219e+01
1.607052818261638333e-04 4.074823248126297415e+01
1.702769172225901374e-04 4.308543530306116054e+01
1.804186409392071779e-04 4.555638010724570819e+01
1.911644075385703697e-04 4.816865820690947686e+01
2.025501939230666413e-04 5.093028558944640594e+01
2.146141197858405776e-04 5.384972490586245897e+01
2.273965752357927448e-04 5.693589417607057612e+01
2.409403560239526765e-04 6.019819407205331885e+01
2.552908068239516468e-04 6.364654312760423238e+01
2.704959730463137079e-04 6.729140256622004301e+01
2.866067616948250111e-04 7.114377455097924496e+01
3.036771118035460487e-04 7.521523664778831630e+01
3.217641750250735269e-04 7.951798862492078968e+01
3.409285069746814732e-04 8.406487830881957279e+01
3.612342699709430527e-04 8.886937627791186856e+01
3.827494478516315301e-04 9.394562021537477392e+01
4.055460735840827930e-04 9.930847780340909026e+01
4.297004704320843828e-04 1.049735692260292268e+02
4.552935074866947636e-04 1.109571945506476141e+02
4.824108704165373600e-04 1.172763924310023214e+02
5.111433483440165366e-04 1.239490252236073502e+02
5.415871378079476200e-04 1.309937899497384137e+02
5.738441648302393047e-04 1.384300646227312939e+02
6.080224261649426910e-04 1.462779870750935061e+02
6.442363508721370797e-04 1.545585672182362771e+02
6.826071834272392233e-04 1.632936715376008294e+02
7.232633896483533272e-04 1.725057331656889517e+02
7.663410868007461971e-04 1.822178604017962584e+02
8.119844993184008319e-04 1.924539820708262141e+02
8.603464416684509499e-04 2.032387946658230362e+02
9.115888299750818944e-04 2.145973564537946174e+02
9.658832241158708896e-04 2.265552086334051864e+02
1.023411402105453864e-03 2.391385201203665076e+02
1.084365968689610842e-03 2.523739501583667106e+02
1.148951000187309855e-03 2.662879054134538706e+02
1.217382727739662078e-03 2.809067361137958869e+02
1.289890261253309484e-03 2.962569359916057579e+02
1.366716356462007289e-03 3.123649924943675273e+02
1.448118227674534582e-03 3.292569518680803640e+02
1.534368408930013262e-03 3.469584228959473080e+02
1.625755666443795110e-03 3.654945577223308533e+02
1.722585965398787389e-03 3.848896804315357940e+02
1.825183494319044218e-03 4.051658641087723254e+02
1.933891750455232110e-03 4.263432769895852630e+02
2.049074689815848227e-03 4.484404078651282362e+02
2.171117945694505096e-03 4.714734704242251837e+02
2.300430119772919023e-03 4.954542975383093335e+02
2.437444150122221927e-03 5.203909027409052896e+02
2.582618760682677504e-03 5.462877793311351979e+02
2.736439997074671757e-03 5.731451672940431763e+02
2.899422853882878057e-03 6.009568521275965622e+02
3.072112998861759037e-03 6.297106982620325653e+02
3.255088599835059826e-03 6.593888390073929031e+02
3.448962260405759751e-03 6.899667991794252657e+02
3.654383070957258062e-03 7.214110060874171495e+02
3.872038781812556923e-03 7.536795185538915121e+02
4.102658105827194576e-03 7.867222835616838665e+02
4.347013158125026359e-03 8.204799591273766737e+02
4.605922041145108295e-03 8.548801830904801591e+02
4.880251583654433324e-03 8.898393231356478736e+02
5.170920242896760721e-03 9.252632962656856535e+02
5.478901179593945181e-03 9.610457621310101786e+02
5.805225516094901853e-03 9.970615599740857533e+02
6.150985788580504154e-03 1.033171055411157568e+03
6.517339604882426730e-03 1.069222333688743902e+03
6.905513520162331019e-03 1.105048343274172112e+03
7.316807143427199629e-03 1.140455721571864615e+03
7.752597488629464108e-03 1.175234106104624288e+03
8.214343584919429550e-03 1.209160816778608705e+03
8.703591361485166558e-03 1.241996411692662832e+03
9.221978823334331735e-03 1.273466823437031962e+03
9.771241535346501458e-03 1.303281333178005752e+03
1.035321843295662625e-02 1.331141391761919294e+03
1.096985797892384082e-02 1.356733443095695975e+03
1.162322468679852921e-02 1.379700676085159557e+03
1.231550603292826118e-02 1.399676537541283324e+03
1.304901978014402948e-02 1.416300477213269005e+03
1.382622173764656327e-02 1.429212429586861163e+03
1.464971398307286267e-02 1.438026690325903246e+03
1.552225357427047987e-02 1.442373934665080697e+03
1.644676177994664271e-02 1.441921169459481689e+03
1.742633386009650662e-02 1.436372246459540065e+03
1.846424942895544263e-02 1.425454809327135990e+03
1.956398343517064958e-02 1.408957290460501326e+03
2.072921779595372077e-02 1.386746559852919972e+03
2.196385372416546911e-02 1.358799274771570708e+03
2.327202478960409618e-02 1.325255588762840262e+03
2.465811075822603796e-02 1.286358496975718708e+03
2.612675225563329193e-02 1.242436965789235273e+03
2.768286630392066683e-02 1.194026703408451567e+03
2.933166278390045290e-02 1.142084791181513083e+03
3.107866187782013997e-02 1.087605646446379069e+03
3.292971255097151134e-02 1.031519940780945035e+03
3.489101213406773511e-02 9.748942136592910401e+02
3.696912707195028347e-02 9.192314201849910660e+02
3.917101490809260511e-02 8.658479459057663234e+02
4.150404757850476717e-02 8.157743327349486435e+02
4.397603609302721400e-02 7.698198672300745784e+02
4.659525668664682430e-02 7.286219878566674879e+02
4.937047852839003548e-02 6.925909680009852991e+02
5.231099308056263303e-02 6.614354387062518299e+02
5.542664520663106997e-02 6.343927626286089207e+02
5.872786613189483196e-02 6.100992778093728930e+02
6.222570836730231120e-02 5.867152225031205717e+02
6.593188271333548511e-02 5.620984781294363302e+02
6.985879746785249311e-02 5.341787247761619710e+02
7.401959996915644102e-02 5.014797004016970163e+02
7.842822061337681450e-02 4.636719375025098770e+02
8.309941949353395751e-02 4.219418469986923697e+02
8.804883581643464796e-02 3.789536607475384926e+02
9.329304026284686302e-02 3.382482226350152814e+02
9.884959046625586832e-02 3.032274704119271291e+02
1.047370897959450792e-01 2.760392832577695685e+02
1.109752496412072104e-01 2.567801614191357089e+02
1.175849554052158102e-01 2.432109592888380973e+02
1.245883364295008178e-01 2.312355606483285442e+02
1.320088400831419539e-01 2.164406140410164028e+02
1.398713102647238526e-01 1.965715141196214120e+02
1.482020705798860194e-01 1.732886811806694993e+02
1.570290124729377401e-01 1.512167726111739228e+02
1.663816886076130708e-01 1.345951059982253355e+02
1.762914118095947891e-01 1.241487262441247452e+02
1.867913599020784576e-01 1.166226978282811473e+02
1.979166867853557332e-01 1.073411915813564832e+02
2.097046401323234832e-01 9.490011856888546049e+01
2.221946860939523760e-01 8.263296944776672603e+01
2.354286414322420140e-01 7.387258913141263861e+01
2.494508135230316670e-01 6.803472144354759621e+01
2.643081486974108163e-01 6.179921478545851699e+01
2.800503894183630771e-01 5.427972218262237902e+01
2.967302408188872698e-01 4.789440621273630683e+01
3.144035471591500319e-01 4.335957293398083578e+01
3.331294787934677148e-01 3.886135454172335812e+01
3.529707302730650254e-01 3.417973966686142262e+01
3.739937302478801850e-01 3.046115994124595261e+01
3.962688638701478139e-01 2.719931731173926082e+01
4.198707084443914495e-01 2.399615960149235505e+01
4.448782831127585102e-01 2.129859105335393110e+01
4.713753134116728805e-01 1.887130653828134896e+01
4.994505115855140120e-01 1.665794514336495880e+01
5.291978735958446922e-01 1.473640174397360703e+01
5.607169938205458504e-01 1.299381144442709868e+01
5.941133984965040193e-01 1.146329365435278724e+01
6.294988990221888070e-01 1.009503825577865044e+01
6.669919663030128287e-01 8.886243710015182984e+00
7.067181273927490848e-01 7.813201167459068230e+00
7.488103857590030499e-01 6.865539375711608550e+00
7.934096665797492065e-01 6.027453362997404973e+00
8.406652885618334237e-01 5.287477828538268199e+00
8.907354638610439634e-01 4.634739174799261896e+00
9.437878277775391123e-01 4.058988202228696274e+00
1.000000000000000000e+00 3.552188606159627504e+00
