1.000000000000000082e-05 1.040877900647237064e+00
1.059560179277617057e-05 1.100641842400536197e+00
1.122667773510813544e-05 1.163837242091090296e+00
1.189534067370320835e-05 1.230661123262360990e+00
1.260382929679727389e-05 1.301321821931209932e+00
1.335451562929900141e-05 1.376039636114634979e+00
1.414991297434575937e-05 1.455047512650245789e+00
1.499268432786047117e-05 1.538591773451862821e+00
1.588565129428052877e-05 1.626932883464383250e+00
1.683180353330958413e-05 1.720346262712258323e+00
1.783430876931909215e-05 1.819123144973188833e+00
1.889652339691211472e-05 1.923571485754229204e+00
2.002200371815584479e-05 2.034016922400962102e+00
2.121451784910631934e-05 2.150803789333199489e+00
2.247805833548725246e-05 2.274296191572262593e+00
2.381685551976160786e-05 2.404879139906891172e+00
2.523539170434765982e-05 2.542959751236753441e+00
2.673841615839949297e-05 2.688968517835982119e+00
2.833096101839323942e-05 2.843360649493758885e+00
3.001835813575592089e-05 3.006617492716486595e+00
3.180625692794118915e-05 3.179248031415999876e+00
3.370064329271931777e-05 3.361790473762684250e+00
3.570785964900462521e-05 3.554813930150614976e+00
3.783462617131932846e-05 3.758920187506288535e+00
4.008806328898464845e-05 3.974745585472492682e+00
4.247571552536902605e-05 4.202963000316875863e+00
4.500557675700497562e-05 4.444283942750189453e+00
4.768611697714474431e-05 4.699460776194808176e+00
5.052631065335679548e-05 4.969289062419125713e+00
5.353566677410729675e-05 5.254610041851059066e+00
5.672426068491977794e-05 5.556313256303207382e+00
6.010276782070387642e-05 5.875339322286837529e+00
6.368249944718585675e-05 6.212682863560666569e+00
6.747544053110699554e-05 6.569395612057565614e+00
7.149428986597576249e-05 6.946589686856579071e+00
7.575250258771920673e-05 7.345441061423387374e+00
8.026433522257173624e-05 7.767193229928654574e+00
8.504489341802686365e-05 8.213161084075071727e+00
9.011018251665017960e-05 8.684735012519404052e+00
9.547716114208065730e-05 9.183385235670749935e+00
1.011637979766207013e-04 9.710666389379014163e+00
1.071891319205128638e-04 1.026822237180470943e+01
1.135733358343105206e-04 1.085779146858046751e+01
1.203377840777590556e-04 1.148121177224356870e+01
1.275051240713012809e-04 1.214042691283495223e+01
1.350993521198027864e-04 1.283749211753157127e+01
1.431458937523478591e-04 1.357458061820345030e+01
1.516716888470924095e-04 1.435399042687295079e+01
1.607052818261638333e-04 1.517815150019921511e+01
1.702769172225901374e-04 1.604963331532527704e+01
1.804186409392071779e-04 1.697115288070602901e+01
1.911644075385703697e-04 1.794558320689333897e+01
2.025501939230666413e-04 1.897596226368647265e+01
2.146141197858405776e-04 2.073873247071082204e+01
2.273965752357927448e-04 2.447567215577761246e+01
2.409403560239526765e-04 2.873135800318230437e+01
2.552908068239516468e-04 3.340789120151799096e+01
2.704959730463137079e-04 3.832061930610142753e+01
2.866067616948250111e-04 4.329851676453322540e+01
3.036771118035460487e-04 4.832779894868124160e+01
3.217641750250735269e-04 5.345654542315553925e+01
3.409285069746814732e-04 5.878578106706681439e+01
3.612342699709430527e-04 6.440020638795873253e+01
3.827494478516315301e-04 7.029681527277216446e+01
4.055460735840827930e-04 7.646109149978211406e+01
4.297004704320843828e-04 8.287548917764524958e+01
4.552935074866947636e-04 8.953289037246084092e+01
4.824108704165373600e-04 9.644861349193968181e+01
5.111433483440165366e-04 1.036477365701922366e+02
5.415871378079476200e-04 1.111645844933077569e+02
5.738441648302393047e-04 1.190291532658683309e+02
6.080224261649426910e-04 1.272571430679026605e+02
6.442363508721370797e-04 1.358654507523441168e+02
6.826071834272392233e-04 1.448738256088613809e+02
7.232633896483533272e-04 1.543035989747215524e+02
7.663410868007461971e-04 1.641770109341766499e+02
8.119844993184008319e-04 1.745192342939011496e+02
8.603464416684509499e-04 1.853587642811720855e+02
9.115888299750818944e-04 1.967231795126765519e+02
9.658832241158708896e-04 2.086369302499049070e+02
1.023411402105453864e-03 2.211260527183856652e+02
1.084365968689610842e-03 2.342186171532417234e+02
1.148951000187309855e-03 2.479422842177828272e+02
1.217382727739662078e-03 2.623232312565723987e+02
1.289890261253309484e-03 2.773887464269748193e+02
1.366716356462007289e-03 2.931674122684950703e+02
1.448118227674534582e-03 3.096868866713781472e+02
1.534368408930013262e-03 3.269730461934556160e+02
1.625755666443795110e-03 3.450520845413003030e+02
1.722585965398787389e-03 3.639505343966231976e+02
1.825183494319044218e-03 3.836928080996383414e+02
1.933891750455232110e-03 4.043003379277715226e+02
2.049074689815848227e-03 4.257935783953940359e+02
2.171117945694505096e-03 4.481918666594235106e+02
2.300430119772919023e-03 4.715106544678385490e+02
2.437444150122221927e-03 4.957606249106768246e+02
2.582618760682677504e-03 5.209496185332889127e+02
2.736439997074671757e-03 5.470823434590502075e+02
2.899422853882878057e-03 5.741577153592568266e+02
3.072112998861759037e-03 6.021680649751967849e+02
3.255088599835059826e-03 6.311006777693522736e+02
3.448962260405759751e-03 6.609373697563835321e+02
3.654383070957258062e-03 6.916516539718676313e+02
3.872038781812556923e-03 7.232080303148362646e+02
4.102658105827194576e-03 7.555635036095501391e+02
4.347013158125026359e-03 7.886670795909384424e+02
4.605922041145108295e-03 8.224559527241954129e+02
4.880251583654433324e-03 8.568549563644055524e+02
5.170920242896760721e-03 8.917788931360933020e+02
5.478901179593945181e-03 9.271320192122909702e+02
5.805225516094901853e-03 9.628017517318372711e+02
6.150985788580504154e-03 9.986586347342799854e+02
6.517339604882426730e-03 1.034560935785850234e+03
6.905513520162331019e-03 1.070354264096760744e+03
7.316807143427199629e-03 1.105861078034624143e+03
7.752597488629464108e-03 1.140882084377272804e+03
8.214343584919429550e-03 1.175204945434512865e+03
8.703591361485166558e-03 1.208604290772045943e+03
9.221978823334331735e-03 1.240824563716926605e+03
9.771241535346501458e-03 1.271584711848107418e+03
1.035321843295662625e-02 1.300593845960691397e+03
1.096985797892384082e-02 1.327552045196518748e+03
1.162322468679852921e-02 1.352122487395822191e+03
1.231550603292826118e-02 1.373943007597131782e+03
1.304901978014402948e-02 1.392653366220106591e+03
1.382622173764656327e-02 1.407898987485029465e+03
1.464971398307286267e-02 1.419304567593854244e+03
1.552225357427047987e-02 1.426492625760982946e+03
1.644676177994664271e-02 1.429115546141031928e+03
1.742633386009650662e-02 1.426863465197771347e+03
1.846424942895544263e-02 1.419451484304137693e+03
1.956398343517064958e-02 1.406639425708590352e+03
2.072921779595372077e-02 1.388257658637131726e+03
2.196385372416546911e-02 1.364223592613654318e+03
2.327202478960409618e-02 1.334611760211954788e+03
2.465811075822603796e-02 1.299623149380462564e+03
2.612675225563329193e-02 1.259541246449424762e+03
2.768286630392066683e-02 1.214764745697235867e+03
2.933166278390045290e-02 1.166100114288076156e+03
3.107866187782013997e-02 1.114535350595993577e+03
3.292971255097151134e-02 1.061005149147090151e+03
3.489101213406773511e-02 1.006433120001117572e+03
3.696912707195028347e-02 9.521616313295467080e+02
3.917101490809260511e-02 8.995640740258436381e+02
4.150404757850476717e-02 8.497429802427990353e+02
4.397603609302721400e-02 8.035565438066023489e+02
4.659525668664682430e-02 7.616606253300432172e+02
4.937047852839003548e-02 7.245334643238418266e+02
5.231099308056263303e-02 6.921049553810506723e+02
5.542664520663106997e-02 6.637266291609770406e+02
5.872786613189483196e-02 6.382144695359381785e+02
6.222570836730231120e-02 6.138907556660800537e+02
6.593188271333548511e-02 5.887227952735159988e+02
6.985879746785249311e-02 5.606696075533423027e+02
7.401959996915644102e-02 5.281622167767018254e+02
7.842822061337681450e-02 4.906372043235928686e+02
8.309941949353395751e-02 4.489593745937877429e+02
8.804883581643464796e-02 4.054683374242581522e+02
9.329304026284686302e-02 3.635227761377374804e+02
9.884959046625586832e-02 3.265664304414023604e+02
1.047370897959450792e-01 2.970324258715598376e+02
1.109752496412072104e-01 2.754481050317671702e+02
1.175849554052158102e-01 2.600406766817393418e+02
1.245883364295008178e-01 2.470454462084113914e+02
1.320088400831419539e-01 2.320226767251375293e+02
1.398713102647238526e-01 2.122064082282661843e+02
1.482020705798860194e-01 1.885070921313441659e+02
1.570290124729377401e-01 1.651409543107530737e+02
1.663816886076130708e-01 1.466389488860156121e+02
1.762914118095947891e-01 1.344825241548182362e+02
1.867913599020784576e-01 1.260395231432298431e+02
1.979166867853557332e-01 1.166437017739397106e+02
2.097046401323234832e-01 1.040017932738496000e+02
2.221946860939523760e-01 9.082791701343371926e+01
2.354286414322420140e-01 8.081815950859925124e+01
2.494508135230316670e-01 7.417488560888590143e+01
2.643081486974108163e-01 6.771900230972008217e+01
2.800503894183630771e-01 5.986275121605470417e+01
2.967302408188872698e-01 5.271124859898274906e+01
3.144035471591500319e-01 4.758927592708830900e+01
3.331294787934677148e-01 4.284497134755314107e+01
3.529707302730650254e-01 3.778443508001458184e+01
3.739937302478801850e-01 3.359626841513504303e+01
3.962688638701478139e-01 3.006470529422988136e+01
4.198707084443914495e-01 2.657729413643050975e+01
4.448782831127585102e-01 2.357474054233583516e+01
4.713753134116728805e-01 2.092937139042236794e+01
4.994505115855140120e-01 1.848330599109781858e+01
5.291978735958446922e-01 1.636623155918955774e+01
5.607169938205458504e-01 1.444483727866527012e+01
5.941133984965040193e-01 1.275206451035603017e+01
6.294988990221888070e-01 1.123894646041274292e+01
6.669919663030128287e-01 9.901199592743504141e+00
7.067181273927490848e-01 8.712052407134720511e+00
7.488103857590030499e-01 7.660674581401429428e+00
7.934096665797492065e-01 6.730395582950133182e+00
8.406652885618334237e-01 5.908082632344573426e+00
8.907354638610439634e-01 5.182251950817416741e+00
9.437878277775391123e-01 4.541598775252501774e+00
1.000000000000000000e+00 3.976877454004754231e+00
